longitude	latitude
-9.15	38.72
-9.15	38.72
126.45	-8.47
126.45	-8.47
-15.65	11.88
-15.65	11.88
-15.63	11.87
-15.63	11.87
125.58	-8.58
125.58	-8.58
20.83	-7.37
20.83	-7.37
73.82	15.43
73.82	15.43
19.92	-11.78
19.92	-11.78
32.57	-25.92
32.57	-25.92
32.57	-25.92
32.57	-25.92
32.57	-25.92
73.82	15.38
73.82	15.38
6.72	0.38
6.72	0.38
0.11	48.445
0.11	48.445
-0.456	49.18
-0.456	49.18
-1.463	49.652
-1.463	49.652
-61.063	14.617
-61.063	14.617
-61.063	14.617
-61.063	14.617
-61.503	16.216
-61.503	16.216
-1.608	47.15
-1.608	47.15
-176.594	-13.24
-176.594	-13.24
164.284	-20.558
164.284	-20.558
166.452	-22.276
166.452	-22.276
166.222	-22.017
166.222	-22.017
166.222	-22.017
166.222	-22.017
-3.435	47.762
-3.435	47.762
-1.734	48.068
-1.734	48.068
1.371	43.54
1.371	43.54
1.371	43.54
1.371	43.54
1.371	43.54
1.371	43.54
1.371	43.54
1.371	43.54
1.371	43.54
1.371	43.54
2.009	48.774
2.009	48.774
-52.365	4.822
-52.365	4.822
-52.365	4.822
-52.365	4.822
-52.365	4.822
-52.365	4.822
-52.365	4.822
-52.365	4.822
-4.412	48.444
-4.412	48.444
-4.412	48.444
-4.412	48.444
-4.412	48.444
4.406	43.856
4.406	43.856
4.406	43.856
4.406	43.856
4.406	43.856
-52.365	4.822
-52.365	4.822
-52.365	4.822
-52.365	4.822
-52.365	4.822
-52.365	4.822
-52.365	4.822
-52.365	4.822
-52.365	4.822
-52.365	4.822
-52.365	4.822
-52.365	4.822
-52.365	4.822
-52.365	4.822
-52.365	4.822
140.001	-66.663
140.001	-66.663
140.001	-66.663
140.001	-66.663
140.001	-66.663
77.569	-37.795
77.569	-37.795
77.569	-37.795
77.569	-37.795
77.569	-37.795
-149.614	-17.555
-149.614	-17.555
-149.614	-17.555
-149.614	-17.555
-149.614	-17.555
-61.516	16.624
-61.516	16.624
-61.516	16.624
-61.516	16.624
-61.516	16.624
141.416	-66.833
141.416	-66.833
141.416	-66.833
141.416	-66.833
141.416	-66.833
-52.365	4.822
-52.365	4.822
-52.365	4.822
-52.365	4.822
-52.365	4.822
-52.365	4.822
-52.365	4.822
-52.365	4.822
-52.365	4.822
-52.365	4.822
8.792	41.918
8.792	41.918
8.792	41.918
8.792	41.918
8.792	41.918
-0.691	44.831
-0.691	44.831
-0.691	44.831
-0.691	44.831
-0.691	44.831
-4.412	48.444
-4.412	48.444
-4.412	48.444
-4.412	48.444
-4.412	48.444
4.937	45.726
4.937	45.726
4.937	45.726
4.937	45.726
4.937	45.726
6.221	48.687
6.221	48.687
6.221	48.687
6.221	48.687
6.221	48.687
4.406	43.856
4.406	43.856
4.406	43.856
4.406	43.856
4.406	43.856
2.009	48.774
2.009	48.774
2.009	48.774
2.009	48.774
2.009	48.774
-0.691	44.831
-0.691	44.831
-0.691	44.831
-0.691	44.831
-0.691	44.831
-0.691	44.831
-0.691	44.831
-0.691	44.831
-0.691	44.831
-0.691	44.831
-0.691	44.831
-0.691	44.831
-0.691	44.831
-0.691	44.831
-0.691	44.831
-0.691	44.831
-0.691	44.831
-0.691	44.831
-0.691	44.831
-0.691	44.831
-0.691	44.831
-0.691	44.831
-0.691	44.831
-0.691	44.831
-0.691	44.831
-0.691	44.831
-0.691	44.831
-0.691	44.831
-0.691	44.831
-0.691	44.831
4.406	43.856
4.406	43.856
4.406	43.856
4.406	43.856
1.371	43.54
1.371	43.54
1.371	43.54
1.371	43.54
-61.516	16.624
-61.516	16.624
-4.508	48.375
-4.508	48.375
-1.633	49.65
-1.633	49.65
-1.633	49.65
-1.633	49.65
2.872	42.737
2.872	42.737
2.872	42.737
2.872	42.737
2.885	42.701
2.885	42.701
1.834	50.135
1.834	50.135
8.792	41.918
8.792	41.918
8.763	41.924
8.763	41.924
8.763	41.924
8.763	41.924
8.763	41.924
8.763	41.924
8.793	41.918
8.793	41.918
8.763	41.924
8.763	41.924
0.11	48.445
0.11	48.445
-1.132	44.534
-1.132	44.534
-1.633	49.65
-1.633	49.65
3.149	45.786
3.149	45.786
3.149	45.786
3.149	45.786
3.149	45.786
3.149	45.786
3.149	45.786
3.149	45.786
7.64	48.549
7.64	48.549
7.64	48.549
7.64	48.549
6.15	48.65
6.15	48.65
-52.365	4.822
-52.365	4.822
5.088	47.267
5.088	47.267
5.088	47.267
5.088	47.267
5.088	47.267
5.088	47.267
55.452	-20.874
55.452	-20.874
-62.852	17.901
-62.852	17.901
2.316	49.883
2.316	49.883
4.937	45.726
4.937	45.726
4.937	45.726
4.937	45.726
4.937	45.726
4.937	45.726
4.937	45.726
4.937	45.726
4.922	45.523
4.922	45.523
4.922	45.523
4.922	45.523
6.221	48.687
6.221	48.687
6.221	48.687
6.221	48.687
6.221	48.687
6.221	48.687
-1.608	47.15
-1.608	47.15
7.115	43.583
7.115	43.583
7.127	43.59
7.127	43.59
7.209	43.648
7.209	43.648
164.284	-20.558
164.284	-20.558
166.452	-22.276
166.452	-22.276
166.222	-22.017
166.222	-22.017
-0.41	43.38
-0.41	43.38
-0.41	43.38
-0.41	43.38
-0.41	43.38
-0.41	43.38
-0.41	43.38
-0.41	43.38
4.05	49.306
4.05	49.306
-0.02	48.743
-0.02	48.743
-0.02	48.743
-0.02	48.743
-3.435	47.762
-3.435	47.762
-1.734	48.06
-1.734	48.06
3.748	48.503
3.748	48.503
3.748	48.503
3.748	48.503
70.243	-49.352
70.243	-49.352
70.243	-49.352
70.243	-49.352
140.001	-66.663
140.001	-66.663
77.569	-37.795
77.569	-37.795
-61.063	14.617
-61.063	14.617
-61.063	14.617
-61.063	14.617
55.431	-20.884
55.431	-20.884
55.431	-20.884
55.431	-20.884
141.416	66.833
141.416	66.833
-52.365	4.822
-52.365	4.822
-52.365	4.822
-52.365	4.822
-56.179	46.766
-56.179	46.766
-56.179	46.766
-56.179	46.766
3.206	49.818
3.206	49.818
-4.412	48.444
-4.412	48.444
8.792	41.918
8.792	41.918
8.792	41.918
8.792	41.918
-0.691	44.831
-0.691	44.831
-4.412	48.444
-4.412	48.444
4.937	45.726
4.937	45.726
6.221	48.687
6.221	48.687
4.406	43.856
4.406	43.856
2.009	48.774
2.009	48.774
-149.583	-17.548
-149.583	-17.548
-151.756	-16.491
-151.756	-16.491
-151.756	-16.491
-151.756	-16.491
-151.756	-16.491
-151.756	-16.491
-149.566	-17.533
-149.566	-17.533
55.452	-20.874
55.452	-20.874
55.452	-20.874
55.452	-20.874
-145.025	-14.454
-145.025	-14.454
-145.025	-14.454
-145.025	-14.454
-145.025	-14.454
-145.025	-14.454
-145.025	-14.454
-145.025	-14.454
2.642	47.06
2.642	47.06
2.642	47.06
2.009	48.774
2.009	48.774
2.009	48.774
2.009	48.774
2.009	48.774
2.009	48.774
8.792	41.918
8.792	41.918
8.792	41.918
8.792	41.918
8.792	41.918
8.792	41.918
8.792	41.918
8.792	41.918
8.792	41.918
8.792	41.918
8.792	41.918
8.792	41.918
8.792	41.918
8.792	41.918
8.792	41.918
-0.691	44.831
-0.691	44.831
-0.691	44.831
-0.691	44.831
-0.691	44.831
-4.412	48.444
-4.412	48.444
-4.412	48.444
-4.412	48.444
-4.412	48.444
4.937	45.726
4.937	45.726
4.937	45.726
4.937	45.726
4.937	45.726
4.406	43.856
4.406	43.856
4.406	43.856
4.406	43.856
4.406	43.856
5.104	43.603
5.104	43.603
5.104	43.603
7.64	48.549
7.64	48.549
7.64	48.549
7.64	48.549
7.64	48.549
1.378	43.621
1.378	43.621
1.378	43.621
1.378	43.621
1.378	43.621
2.009	48.774
2.009	48.774
2.009	48.774
2.009	48.774
2.009	48.774
7.753	48.562
7.753	48.562
2.009	48.774
2.009	48.774
2.009	48.774
2.009	48.774
-149.566	-17.533
-149.566	-17.533
2.009	48.774
2.009	48.774
2.009	48.774
-149.583	-17.548
-149.583	-17.548
-149.566	-17.533
-149.566	-17.533
-149.566	-17.533
-149.566	-17.533
-149.566	-17.533
-149.566	-17.533
-4.508	48.375
-4.508	48.375
-4.508	48.375
-4.508	48.375
-3.358	47.689
-3.358	47.689
-3.358	47.689
-3.358	47.689
1.74	50.875
1.74	50.875
1.834	50.135
1.834	50.135
8.763	41.924
8.763	41.924
0.203	45.633
0.203	45.633
7.115	43.583
7.115	43.583
-0.691	44.831
-0.691	44.831
2.427	48.967
2.427	48.967
0.08	49.511
0.08	49.511
4.937	45.726
4.937	45.726
5.216	43.437
5.216	43.437
4.733	44.581
4.733	44.581
1.891	47.941
1.891	47.941
2.384	48.716
2.384	48.716
2.885	42.701
2.885	42.701
0.314	46.593
0.314	46.593
4.903	48.631
4.903	48.631
6.75	43.416
6.75	43.416
1.371	43.54
1.371	43.54
1.483	43.566
1.483	43.566
0.7	47.433
0.7	47.433
55.528	-20.892
55.528	-20.892
55.431	-20.884
55.431	-20.884
55.487	-21.344
55.487	-21.344
37.52	55.93
37.52	55.93
37.52	55.93
37.52	55.93
37.52	55.93
37.52	55.93
37.52	55.93
37.52	55.93
37.52	55.93
37.52	55.93
37.52	55.93
37.52	55.93
37.52	55.93
37.52	55.93
37.52	55.93
37.52	55.93
37.52	55.93
37.52	55.93
37.52	55.93
37.52	55.93
37.52	55.93
37.52	55.93
37.52	55.93
37.52	55.93
37.52	55.93
37.52	55.93
37.52	55.93
37.52	55.93
37.52	55.93
37.52	55.93
37.52	55.93
37.52	55.93
37.52	55.93
37.52	55.93
37.52	55.93
37.52	55.93
37.52	55.93
37.52	55.93
37.52	55.93
37.52	55.93
37.52	55.93
37.52	55.93
37.52	55.93
37.52	55.93
37.52	55.93
37.52	55.93
37.52	55.93
37.52	55.93
37.52	55.93
37.52	55.93
37.52	55.93
37.52	55.93
37.52	55.93
37.52	55.93
37.52	55.93
37.52	55.93
37.52	55.93
37.52	55.93
37.52	55.93
37.25	55.93
37.25	55.93
37.25	55.93
37.25	55.93
37.25	55.93
37.25	55.93
37.25	55.93
37.25	55.93
37.25	55.93
37.42	55.73
37.42	55.73
37.42	55.73
37.42	55.73
37.42	55.73
37.42	55.73
37.42	55.73
37.42	55.73
37.42	55.73
37.42	55.73
37.42	55.73
37.42	55.73
37.42	55.73
37.42	55.73
37.52	55.93
37.52	55.93
37.52	55.93
37.52	55.93
37.52	55.93
37.52	55.93
37.52	55.93
37.52	55.93
37.52	55.93
37.52	55.93
37.52	55.93
37.52	55.93
37.52	55.93
37.52	55.93
37.52	55.93
37.52	55.93
37.52	55.93
37.52	55.93
37.52	55.93
37.52	55.93
37.52	55.93
37.52	55.93
37.52	55.93
37.52	55.93
37.52	55.93
37.52	55.93
37.52	55.93
37.52	55.93
37.52	55.93
37.52	55.93
37.52	55.93
37.52	55.93
37.52	55.93
37.52	55.93
37.52	55.93
37.52	55.93
37.52	55.93
37.52	55.93
37.52	55.93
37.52	55.93
37.52	55.93
37.52	55.93
125.37	58.62
125.37	58.62
125.37	58.62
125.37	58.62
125.37	58.62
125.37	58.62
125.37	58.62
125.37	58.62
61.7	69.75
61.7	69.75
61.7	69.75
61.7	69.75
61.7	69.75
61.7	69.75
61.7	69.75
61.7	69.75
177.57	64.78
177.57	64.78
177.57	64.78
177.57	64.78
177.57	64.78
177.57	64.78
177.57	64.78
177.57	64.78
61.65	46.62
61.65	46.62
61.65	46.62
61.65	46.62
61.65	46.62
61.65	46.62
61.65	46.62
61.65	46.62
40.58	64.55
40.58	64.55
40.58	64.55
40.58	64.55
40.58	64.55
40.58	64.55
40.58	64.55
40.58	64.55
138.15	56.45
138.15	56.45
138.15	56.45
138.15	56.45
138.15	56.45
138.15	56.45
138.15	56.45
138.15	56.45
14.25	78.07
14.25	78.07
14.25	78.07
14.25	78.07
14.25	78.07
14.25	78.07
14.25	78.07
14.25	78.07
109.63	53.62
109.63	53.62
109.63	53.62
109.63	53.62
109.63	53.62
109.63	53.62
109.63	53.62
109.63	53.62
52.8	80.32
52.8	80.32
52.8	80.32
52.8	80.32
52.8	80.32
52.8	80.32
52.8	80.32
52.8	80.32
128.93	71.52
128.93	71.52
128.93	71.52
128.93	71.52
128.93	71.52
128.93	71.52
128.93	71.52
128.93	71.52
63.6	39.08
63.6	39.08
63.6	39.08
63.6	39.08
63.6	39.08
63.6	39.08
63.6	39.08
63.6	39.08
113.48	52.05
113.48	52.05
113.48	52.05
113.48	52.05
113.48	52.05
113.48	52.05
113.48	52.05
113.48	52.05
86.17	69.4
86.17	69.4
86.17	69.4
86.17	69.4
86.17	69.4
86.17	69.4
86.17	69.4
86.17	69.4
44	56.27
44	56.27
44	56.27
44	56.27
44	56.27
44	56.27
44	56.27
44	56.27
51.85	47.12
51.85	47.12
51.85	47.12
51.85	47.12
51.85	47.12
51.85	47.12
51.85	47.12
51.85	47.12
102.47	71.98
102.47	71.98
102.47	71.98
102.47	71.98
102.47	71.98
102.47	71.98
102.47	71.98
102.47	71.98
73.13	49.8
73.13	49.8
73.13	49.8
73.13	49.8
73.13	49.8
73.13	49.8
73.13	49.8
73.13	49.8
34.65	64.95
34.65	64.95
34.65	64.95
34.65	64.95
34.65	64.95
34.65	64.95
34.65	64.95
34.65	64.95
36.28	49.93
36.28	49.93
36.28	49.93
36.28	49.93
36.28	49.93
36.28	49.93
36.28	49.93
36.28	49.93
108.07	57.77
108.07	57.77
108.07	57.77
108.07	57.77
108.07	57.77
108.07	57.77
108.07	57.77
108.07	57.77
160.83	56.32
160.83	56.32
160.83	56.32
160.83	56.32
160.83	56.32
160.83	56.32
160.83	56.32
160.83	56.32
160.83	56.32
108.75	50.37
108.75	50.37
108.75	50.37
108.75	50.37
108.75	50.37
108.75	50.37
108.75	50.37
108.75	50.37
92.97	56
92.97	56
92.97	56
92.97	56
92.97	56
92.97	56
92.97	56
92.97	56
161.28	68.8
161.28	68.8
161.28	68.8
161.28	68.8
161.28	68.8
161.28	68.8
161.28	68.8
161.28	68.8
36.2	51.75
36.2	51.75
36.2	51.75
36.2	51.75
36.2	51.75
36.2	51.75
36.2	51.75
36.2	51.75
63.62	53.22
63.62	53.22
63.62	53.22
63.62	53.22
63.62	53.22
63.62	53.22
63.62	53.22
63.62	53.22
65.5	44.85
65.5	44.85
65.5	44.85
65.5	44.85
65.5	44.85
65.5	44.85
65.5	44.85
65.5	44.85
170.42	64.68
170.42	64.68
170.42	64.68
170.42	64.68
170.42	64.68
170.42	64.68
170.42	64.68
170.42	64.68
37.52	55.93
37.52	55.93
37.52	55.93
37.52	55.93
37.52	55.93
37.52	55.93
37.52	55.93
37.52	55.93
33.12	69
33.12	69
33.12	69
33.12	69
33.12	69
33.12	69
33.12	69
33.12	69
104.28	77.72
104.28	77.72
104.28	77.72
104.28	77.72
104.28	77.72
104.28	77.72
104.28	77.72
104.28	77.72
-179.48	68.92
-179.48	68.92
-179.48	68.92
-179.48	68.92
-179.48	68.92
-179.48	68.92
-179.48	68.92
-179.48	68.92
155.38	50
155.38	50
155.38	50
155.38	50
155.38	50
155.38	50
155.38	50
155.38	50
68.58	76.95
68.58	76.95
68.58	76.95
68.58	76.95
68.58	76.95
68.58	76.95
68.58	76.95
68.58	76.95
53.12	67.65
53.12	67.65
53.12	67.65
53.12	67.65
53.12	67.65
53.12	67.65
53.12	67.65
53.12	67.65
158.33	53.05
158.33	53.05
158.33	53.05
158.33	53.05
158.33	53.05
158.33	53.05
158.33	53.05
158.33	53.05
82.95	54.97
82.95	54.97
82.95	54.97
82.95	54.97
82.95	54.97
82.95	54.97
82.95	54.97
82.95	54.97
120.4	60.37
120.4	60.37
120.4	60.37
120.4	60.37
120.4	60.37
120.4	60.37
120.4	60.37
120.4	60.37
112.33	68.67
112.33	68.67
112.33	68.67
112.33	68.67
112.33	68.67
112.33	68.67
112.33	68.67
112.33	68.67
73.4	54.93
73.4	54.93
73.4	54.93
73.4	54.93
73.4	54.93
73.4	54.93
73.4	54.93
73.4	54.93
80.4	73.5
80.4	73.5
80.4	73.5
80.4	73.5
80.4	73.5
80.4	73.5
80.4	73.5
80.4	73.5
137.9	76
137.9	76
137.9	76
137.9	76
137.9	76
137.9	76
137.9	76
137.9	76
39.82	47.25
39.82	47.25
39.82	47.25
39.82	47.25
39.82	47.25
39.82	47.25
39.82	47.25
39.82	47.25
66.53	66.53
66.53	66.53
66.53	66.53
66.53	66.53
66.53	66.53
66.53	66.53
66.53	66.53
66.53	66.53
69.07	60.97
69.07	60.97
69.07	60.97
69.07	60.97
69.07	60.97
69.07	60.97
69.07	60.97
69.07	60.97
34.12	44.95
34.12	44.95
34.12	44.95
34.12	44.95
34.12	44.95
34.12	44.95
34.12	44.95
34.12	44.95
123.97	54
123.97	54
123.97	54
123.97	54
123.97	54
123.97	54
123.97	54
123.97	54
30.72	61.72
30.72	61.72
30.72	61.72
30.72	61.72
30.72	61.72
30.72	61.72
30.72	61.72
30.72	61.72
68.78	38.58
68.78	38.58
68.78	38.58
68.78	38.58
68.78	38.58
68.78	38.58
68.78	38.58
68.78	38.58
62.92	35.95
62.92	35.95
62.92	35.95
62.92	35.95
62.92	35.95
62.92	35.95
62.92	35.95
62.92	35.95
69.3	41.33
69.3	41.33
69.3	41.33
69.3	41.33
69.3	41.33
69.3	41.33
69.3	41.33
69.3	41.33
136.67	45.03
136.67	45.03
136.67	45.03
136.67	45.03
136.67	45.03
136.67	45.03
136.67	45.03
136.67	45.03
39.07	44.1
39.07	44.1
39.07	44.1
39.07	44.1
39.07	44.1
39.07	44.1
39.07	44.1
39.07	44.1
121.5	63.75
121.5	63.75
121.5	63.75
121.5	63.75
121.5	63.75
121.5	63.75
121.5	63.75
121.5	63.75
61.07	56.73
61.07	56.73
61.07	56.73
61.07	56.73
61.07	56.73
61.07	56.73
61.07	56.73
61.07	56.73
112.58	59.45
112.58	59.45
112.58	59.45
112.58	59.45
112.58	59.45
112.58	59.45
112.58	59.45
112.58	59.45
39.87	59.28
39.87	59.28
39.87	59.28
39.87	59.28
39.87	59.28
39.87	59.28
39.87	59.28
39.87	59.28
129.72	62.02
129.72	62.02
129.72	62.02
129.72	62.02
129.72	62.02
129.72	62.02
129.72	62.02
129.72	62.02
108.02	61.27
108.02	61.27
108.02	61.27
108.02	61.27
108.02	61.27
108.02	61.27
108.02	61.27
108.02	61.27
123.4	66.77
123.4	66.77
123.4	66.77
123.4	66.77
123.4	66.77
123.4	66.77
123.4	66.77
123.4	66.77
125.37	58.62
125.37	58.62
125.37	58.62
125.37	58.62
125.37	58.62
125.37	58.62
125.37	58.62
125.37	58.62
61.7	69.75
61.7	69.75
61.7	69.75
61.7	69.75
61.7	69.75
61.7	69.75
61.7	69.75
61.7	69.75
177.57	64.78
177.57	64.78
177.57	64.78
177.57	64.78
177.57	64.78
177.57	64.78
177.57	64.78
177.57	64.78
61.65	46.62
61.65	46.62
61.65	46.62
61.65	46.62
61.65	46.62
61.65	46.62
61.65	46.62
61.65	46.62
40.58	64.55
40.58	64.55
40.58	64.55
40.58	64.55
40.58	64.55
40.58	64.55
40.58	64.55
40.58	64.55
138.15	56.45
138.15	56.45
138.15	56.45
138.15	56.45
138.15	56.45
138.15	56.45
138.15	56.45
138.15	56.45
14.25	78.07
14.25	78.07
14.25	78.07
14.25	78.07
14.25	78.07
14.25	78.07
14.25	78.07
14.25	78.07
109.63	53.62
109.63	53.62
109.63	53.62
109.63	53.62
109.63	53.62
109.63	53.62
109.63	53.62
109.63	53.62
52.8	80.32
52.8	80.32
52.8	80.32
52.8	80.32
52.8	80.32
52.8	80.32
52.8	80.32
52.8	80.32
128.93	71.52
128.93	71.52
128.93	71.52
128.93	71.52
128.93	71.52
128.93	71.52
128.93	71.52
128.93	71.52
63.6	39.08
63.6	39.08
63.6	39.08
63.6	39.08
63.6	39.08
63.6	39.08
63.6	39.08
63.6	39.08
113.48	52.05
113.48	52.05
113.48	52.05
113.48	52.05
113.48	52.05
113.48	52.05
113.48	52.05
113.48	52.05
86.17	69.4
86.17	69.4
86.17	69.4
86.17	69.4
86.17	69.4
86.17	69.4
86.17	69.4
86.17	69.4
44	56.27
44	56.27
44	56.27
44	56.27
44	56.27
44	56.27
44	56.27
44	56.27
51.85	47.12
51.85	47.12
51.85	47.12
51.85	47.12
51.85	47.12
51.85	47.12
51.85	47.12
51.85	47.12
36.28	49.93
36.28	49.93
36.28	49.93
36.28	49.93
36.28	49.93
36.28	49.93
36.28	49.93
36.28	49.93
102.47	71.98
102.47	71.98
102.47	71.98
102.47	71.98
102.47	71.98
102.47	71.98
102.47	71.98
102.47	71.98
73.13	49.8
73.13	49.8
73.13	49.8
73.13	49.8
73.13	49.8
73.13	49.8
73.13	49.8
73.13	49.8
34.65	64.95
34.65	64.95
34.65	64.95
34.65	64.95
34.65	64.95
34.65	64.95
34.65	64.95
34.65	64.95
108.07	57.77
108.07	57.77
108.07	57.77
108.07	57.77
108.07	57.77
108.07	57.77
108.07	57.77
108.07	57.77
160.83	56.32
160.83	56.32
160.83	56.32
160.83	56.32
160.83	56.32
160.83	56.32
160.83	56.32
160.83	56.32
108.75	50.37
108.75	50.37
108.75	50.37
108.75	50.37
108.75	50.37
108.75	50.37
108.75	50.37
108.75	50.37
92.97	56
92.97	56
92.97	56
92.97	56
92.97	56
92.97	56
92.97	56
92.97	56
161.28	68.8
161.28	68.8
161.28	68.8
161.28	68.8
161.28	68.8
161.28	68.8
161.28	68.8
161.28	68.8
36.2	51.75
36.2	51.75
36.2	51.75
36.2	51.75
36.2	51.75
36.2	51.75
36.2	51.75
36.2	51.75
63.62	53.22
63.62	53.22
63.62	53.22
63.62	53.22
63.62	53.22
63.62	53.22
63.62	53.22
63.62	53.22
65.5	44.85
65.5	44.85
65.5	44.85
65.5	44.85
65.5	44.85
65.5	44.85
65.5	44.85
65.5	44.85
170.42	64.68
170.42	64.68
170.42	64.68
170.42	64.68
170.42	64.68
170.42	64.68
170.42	64.68
170.42	64.68
37.52	55.93
37.52	55.93
37.52	55.93
37.52	55.93
37.52	55.93
37.52	55.93
37.52	55.93
37.52	55.93
33.12	69
33.12	69
33.12	69
33.12	69
33.12	69
33.12	69
33.12	69
33.12	69
104.28	77.72
104.28	77.72
104.28	77.72
104.28	77.72
104.28	77.72
104.28	77.72
104.28	77.72
104.28	77.72
-179.48	68.92
-179.48	68.92
-179.48	68.92
-179.48	68.92
-179.48	68.92
-179.48	68.92
-179.48	68.92
-179.48	68.92
155.38	50
155.38	50
155.38	50
155.38	50
155.38	50
155.38	50
155.38	50
155.38	50
68.58	76.95
68.58	76.95
68.58	76.95
68.58	76.95
68.58	76.95
68.58	76.95
68.58	76.95
68.58	76.95
53.12	67.65
53.12	67.65
53.12	67.65
53.12	67.65
53.12	67.65
53.12	67.65
53.12	67.65
53.12	67.65
158.33	53.05
158.33	53.05
158.33	53.05
158.33	53.05
158.33	53.05
158.33	53.05
158.33	53.05
158.33	53.05
82.95	54.97
82.95	54.97
82.95	54.97
82.95	54.97
82.95	54.97
82.95	54.97
82.95	54.97
82.95	54.97
120.4	60.37
120.4	60.37
120.4	60.37
120.4	60.37
120.4	60.37
120.4	60.37
120.4	60.37
120.4	60.37
112.33	68.67
112.33	68.67
112.33	68.67
112.33	68.67
112.33	68.67
112.33	68.67
112.33	68.67
112.33	68.67
73.4	54.93
73.4	54.93
73.4	54.93
73.4	54.93
73.4	54.93
73.4	54.93
73.4	54.93
73.4	54.93
80.4	73.5
80.4	73.5
80.4	73.5
80.4	73.5
80.4	73.5
80.4	73.5
80.4	73.5
80.4	73.5
137.9	76
137.9	76
137.9	76
137.9	76
137.9	76
137.9	76
137.9	76
137.9	76
39.82	47.25
39.82	47.25
39.82	47.25
39.82	47.25
39.82	47.25
39.82	47.25
39.82	47.25
39.82	47.25
66.53	66.53
66.53	66.53
66.53	66.53
66.53	66.53
66.53	66.53
66.53	66.53
66.53	66.53
66.53	66.53
69.07	60.97
69.07	60.97
69.07	60.97
69.07	60.97
69.07	60.97
69.07	60.97
69.07	60.97
69.07	60.97
34.12	44.95
34.12	44.95
34.12	44.95
34.12	44.95
34.12	44.95
34.12	44.95
34.12	44.95
34.12	44.95
123.97	54
123.97	54
123.97	54
123.97	54
123.97	54
123.97	54
123.97	54
123.97	54
30.72	61.72
30.72	61.72
30.72	61.72
30.72	61.72
30.72	61.72
30.72	61.72
30.72	61.72
30.72	61.72
68.78	38.58
68.78	38.58
68.78	38.58
68.78	38.58
68.78	38.58
68.78	38.58
68.78	38.58
68.78	38.58
62.92	35.95
62.92	35.95
62.92	35.95
62.92	35.95
62.92	35.95
62.92	35.95
62.92	35.95
62.92	35.95
69.3	41.33
69.3	41.33
69.3	41.33
69.3	41.33
69.3	41.33
69.3	41.33
69.3	41.33
69.3	41.33
136.67	45.03
136.67	45.03
136.67	45.03
136.67	45.03
136.67	45.03
136.67	45.03
136.67	45.03
136.67	45.03
39.07	44.1
39.07	44.1
39.07	44.1
39.07	44.1
39.07	44.1
39.07	44.1
39.07	44.1
39.07	44.1
121.5	63.75
121.5	63.75
121.5	63.75
121.5	63.75
121.5	63.75
121.5	63.75
121.5	63.75
121.5	63.75
61.07	56.73
61.07	56.73
61.07	56.73
61.07	56.73
61.07	56.73
61.07	56.73
61.07	56.73
61.07	56.73
112.58	59.45
112.58	59.45
112.58	59.45
112.58	59.45
112.58	59.45
112.58	59.45
112.58	59.45
112.58	59.45
39.87	59.28
39.87	59.28
39.87	59.28
39.87	59.28
39.87	59.28
39.87	59.28
39.87	59.28
39.87	59.28
129.72	62.02
129.72	62.02
129.72	62.02
129.72	62.02
129.72	62.02
129.72	62.02
129.72	62.02
129.72	62.02
108.02	61.27
108.02	61.27
108.02	61.27
108.02	61.27
108.02	61.27
108.02	61.27
108.02	61.27
108.02	61.27
123.4	66.77
123.4	66.77
123.4	66.77
123.4	66.77
123.4	66.77
123.4	66.77
123.4	66.77
123.4	66.77
37.42	55.73
37.42	55.73
37.42	55.73
37.42	55.73
37.42	55.73
37.42	55.73
37.42	55.73
37.42	55.73
37.42	55.73
37.42	55.73
37.42	55.73
37.42	55.73
37.42	55.73
37.42	55.73
71.92	41.62
71.92	41.62
71.92	41.62
71.92	41.62
71.92	41.62
71.98	41.88
71.98	41.88
71.98	41.88
71.98	41.88
71.98	41.88
75.08	46.77
75.08	46.77
75.08	46.77
75.08	46.77
75.08	46.77
75.08	46.77
75.08	46.77
75.08	46.77
75.08	46.77
75.08	46.77
63.6	39.08
63.6	39.08
63.6	39.08
63.6	39.08
63.6	39.08
71.38	42.85
71.38	42.85
71.38	42.85
71.38	42.85
71.38	42.85
68.73	38.58
68.73	38.58
68.73	38.58
68.73	38.58
68.73	38.58
73.13	49.8
73.13	49.8
73.13	49.8
73.13	49.8
73.13	49.8
72.63	41.6
72.63	41.6
72.63	41.6
72.63	41.6
72.63	41.6
72.63	41.6
72.63	41.6
72.63	41.6
72.63	41.6
72.63	41.6
65.53	44.82
65.53	44.82
65.53	44.82
65.53	44.82
65.53	44.82
62.15	40.5
62.15	40.5
62.15	40.5
62.15	40.5
62.15	40.5
72.8	40.63
72.8	40.63
72.8	40.63
72.8	40.63
72.8	40.63
72.8	40.63
72.8	40.63
72.8	40.63
72.8	40.63
72.8	40.63
73.25	39.72
73.25	39.72
73.25	39.72
73.25	39.72
73.25	39.72
69.62	42.28
69.62	42.28
69.62	42.28
69.62	42.28
69.62	42.28
72.18	39.55
72.18	39.55
72.18	39.55
72.18	39.55
72.18	39.55
71.38	42.85
71.38	42.85
71.38	42.85
71.38	42.85
71.38	42.85
68.73	38.58
68.73	38.58
68.73	38.58
68.73	38.58
68.73	38.58
71.5	37.5
71.5	37.5
71.5	37.5
71.5	37.5
71.5	37.5
71.48	43.33
71.48	43.33
71.48	43.33
71.48	43.33
71.48	43.33
70.37	41.9
70.37	41.9
70.37	41.9
70.37	41.9
70.37	41.9
69.3	41.33
69.3	41.33
69.3	41.33
69.3	41.33
69.3	41.33
71.45	41.37
71.45	41.37
71.45	41.37
71.45	41.37
71.45	41.37
67.95	41.32
67.95	41.32
67.95	41.32
67.95	41.32
67.95	41.32
71.38	42.85
71.38	42.85
71.38	42.85
71.38	42.85
71.38	42.85
71.38	42.85
71.38	42.85
71.38	42.85
71.38	42.85
71.38	42.85
74.53	42.85
74.53	42.85
74.53	42.85
74.53	42.85
74.53	42.85
68.76	40.5
68.76	40.5
68.76	40.5
68.76	40.5
68.76	40.5
69.3	41.33
69.3	41.33
69.3	41.33
69.3	41.33
69.3	41.33
69.3	41.33
69.3	41.33
69.3	41.33
69.3	41.33
69.3	41.33
69.3	41.33
69.3	41.33
69.3	41.33
69.3	41.33
69.3	41.33
70.18	41.05
70.18	41.05
70.18	41.05
70.18	41.05
70.18	41.05
71.18	41.05
71.18	41.05
71.18	41.05
71.18	41.05
71.18	41.05
71.98	41.88
71.98	41.88
71.98	41.88
71.98	41.88
71.98	41.88
70.13	41.58
70.13	41.58
70.13	41.58
70.13	41.58
70.13	41.58
71.38	42.85
71.38	42.85
71.38	42.85
71.38	42.85
71.38	42.85
74.53	42.85
74.53	42.85
74.53	42.85
74.53	42.85
74.53	42.85
69.3	41.33
69.3	41.33
69.3	41.33
69.3	41.33
69.3	41.33
30.48	59.68
30.48	59.68
30.48	59.68
30.48	59.68
30.48	59.68
30.48	59.68
30.48	59.68
30.48	59.68
30.48	59.68
30.48	59.68
14.25	78.05
14.25	78.05
14.25	78.05
14.25	78.05
14.25	78.05
52.8	80.32
52.8	80.32
52.8	80.32
52.8	80.32
52.8	80.32
68.58	76.85
68.58	76.85
68.58	76.85
68.58	76.85
68.58	76.85
80.4	73.5
80.4	73.5
80.4	73.5
80.4	73.5
80.4	73.5
190.17	66.17
190.17	66.17
190.17	66.17
190.17	66.17
190.17	66.17
14.25	78.05
14.25	78.05
14.25	78.05
14.25	78.05
14.25	78.05
52.8	80.32
52.8	80.32
52.8	80.32
52.8	80.32
52.8	80.32
128.92	71.58
128.92	71.58
128.92	71.58
128.92	71.58
128.92	71.58
104.28	77.72
104.28	77.72
104.28	77.72
104.28	77.72
104.28	77.72
180.53	68.92
180.53	68.92
180.53	68.92
180.53	68.92
180.53	68.92
68.58	76.85
68.58	76.85
68.58	76.85
68.58	76.85
68.58	76.85
14.25	78.07
14.25	78.07
14.25	78.07
14.25	78.07
14.25	78.07
14.25	78.07
14.25	78.07
14.25	78.07
14.25	78.07
14.25	78.07
14.25	78.07
14.25	78.07
14.25	78.07
14.25	78.07
14.25	78.07
52.8	80.32
52.8	80.32
52.8	80.32
52.8	80.32
52.8	80.32
128.93	71.52
128.93	71.52
128.93	71.52
128.93	71.52
128.93	71.52
60.05	69.72
60.05	69.72
60.05	69.72
60.05	69.72
60.05	69.72
-999	-999
-999	-999
-999	-999
-999	-999
-999	-999
104.28	77.72
104.28	77.72
104.28	77.72
104.28	77.72
104.28	77.72
180.53	68.92
180.53	68.92
180.53	68.92
180.53	68.92
180.53	68.92
68.58	76.95
68.58	76.95
68.58	76.95
68.58	76.95
68.58	76.95
162.4	70.63
162.4	70.63
162.4	70.63
162.4	70.63
162.4	70.63
80.4	73.5
80.4	73.5
80.4	73.5
80.4	73.5
80.4	73.5
14.25	78.05
14.25	78.05
14.25	78.05
14.25	78.05
14.25	78.05
52.8	80.32
52.8	80.32
52.8	80.32
52.8	80.32
52.8	80.32
128.92	71.58
128.92	71.58
128.92	71.58
128.92	71.58
128.92	71.58
60.05	69.72
60.05	69.72
60.05	69.72
60.05	69.72
60.05	69.72
104.28	77.72
104.28	77.72
104.28	77.72
104.28	77.72
104.28	77.72
180.53	68.92
180.53	68.92
180.53	68.92
180.53	68.92
180.53	68.92
68.58	76.85
68.58	76.85
68.58	76.85
68.58	76.85
68.58	76.85
162.4	70.63
162.4	70.63
162.4	70.63
162.4	70.63
162.4	70.63
80.4	73.5
80.4	73.5
80.4	73.5
80.4	73.5
80.4	73.5
14.25	78.05
14.25	78.05
14.25	78.05
14.25	78.05
14.25	78.05
52.8	80.32
52.8	80.32
52.8	80.32
52.8	80.32
52.8	80.32
128.92	71.58
128.92	71.58
128.92	71.58
128.92	71.58
128.92	71.58
104.28	77.72
104.28	77.72
104.28	77.72
104.28	77.72
104.28	77.72
180.53	68.92
180.53	68.92
180.53	68.92
180.53	68.92
180.53	68.92
68.58	76.85
68.58	76.85
68.58	76.85
68.58	76.85
68.58	76.85
162.4	70.63
162.4	70.63
162.4	70.63
162.4	70.63
162.4	70.63
80.4	73.5
80.4	73.5
80.4	73.5
80.4	73.5
80.4	73.5
52.8	80.32
52.8	80.32
52.8	80.32
52.8	80.32
52.8	80.32
128.92	71.58
128.92	71.58
128.92	71.58
128.92	71.58
128.92	71.58
104.28	77.72
104.28	77.72
104.28	77.72
104.28	77.72
104.28	77.72
180.53	68.92
180.53	68.92
180.53	68.92
180.53	68.92
180.53	68.92
162.4	70.63
162.4	70.63
162.4	70.63
162.4	70.63
162.4	70.63
80.4	73.5
80.4	73.5
80.4	73.5
80.4	73.5
80.4	73.5
190.17	66.17
190.17	66.17
190.17	66.17
190.17	66.17
190.17	66.17
61.7	69.75
61.7	69.75
61.7	69.75
61.7	69.75
61.7	69.75
186.77	64.4
186.77	64.4
186.77	64.4
186.77	64.4
186.77	64.4
52.8	80.32
52.8	80.32
52.8	80.32
52.8	80.32
52.8	80.32
128.92	71.58
128.92	71.58
128.92	71.58
128.92	71.58
128.92	71.58
104.28	77.72
104.28	77.72
104.28	77.72
104.28	77.72
104.28	77.72
180.53	68.92
180.53	68.92
180.53	68.92
180.53	68.92
180.53	68.92
68.58	76.85
68.58	76.85
68.58	76.85
68.58	76.85
68.58	76.85
162.4	70.63
162.4	70.63
162.4	70.63
162.4	70.63
162.4	70.63
80.4	73.5
80.4	73.5
80.4	73.5
80.4	73.5
80.4	73.5
137.9	76
137.9	76
137.9	76
137.9	76
137.9	76
61.75	69.77
61.75	69.77
61.75	69.77
61.75	69.77
61.75	69.77
186.77	64.4
186.77	64.4
186.77	64.4
186.77	64.4
186.77	64.4
52.8	80.32
52.8	80.32
52.8	80.32
52.8	80.32
52.8	80.32
128.92	71.58
128.92	71.58
128.92	71.58
128.92	71.58
128.92	71.58
104.28	77.72
104.28	77.72
104.28	77.72
104.28	77.72
104.28	77.72
180.53	68.92
180.53	68.92
180.53	68.92
180.53	68.92
180.53	68.92
68.58	76.85
68.58	76.85
68.58	76.85
68.58	76.85
68.58	76.85
162.4	70.63
162.4	70.63
162.4	70.63
162.4	70.63
162.4	70.63
80.4	73.5
80.4	73.5
80.4	73.5
80.4	73.5
80.4	73.5
61.75	69.77
61.75	69.77
61.75	69.77
61.75	69.77
61.75	69.77
52.8	80.32
52.8	80.32
52.8	80.32
52.8	80.32
52.8	80.32
128.92	71.58
128.92	71.58
128.92	71.58
128.92	71.58
128.92	71.58
179.32	63.05
179.32	63.05
179.32	63.05
179.32	63.05
179.32	63.05
102.47	71.98
102.47	71.98
102.47	71.98
102.47	71.98
102.47	71.98
104.28	77.72
104.28	77.72
104.28	77.72
104.28	77.72
104.28	77.72
180.53	68.92
180.53	68.92
180.53	68.92
180.53	68.92
180.53	68.92
68.58	76.85
68.58	76.85
68.58	76.85
68.58	76.85
68.58	76.85
162.4	70.63
162.4	70.63
162.4	70.63
162.4	70.63
162.4	70.63
80.4	73.5
80.4	73.5
80.4	73.5
80.4	73.5
80.4	73.5
137.9	76
137.9	76
137.9	76
137.9	76
137.9	76
121.63	38.9
121.63	38.9
121.63	38.9
121.63	38.9
121.63	38.9
126.63	37.47
126.63	37.47
126.63	37.47
126.63	37.47
126.63	37.47
106.83	-6.37
106.83	-6.37
125.33	43.87
125.33	43.87
125.33	43.87
119.73	49.22
119.73	49.22
119.73	49.22
121.12	41.13
121.12	41.13
121.12	41.13
122.85	45.62
122.85	45.62
122.85	45.62
31.25	69.53
31.25	69.53
31.25	69.53
31.25	69.53
31.25	69.53
11.967	78.93
11.967	78.93
11.967	78.93
11.967	78.93
11.967	78.93
-98.57	45.98
-98.57	45.98
-98.57	45.98
-98.57	45.98
-98.57	45.98
-95.82	38.03
-95.82	38.03
-95.82	38.03
-95.82	38.03
-95.82	38.03
-86.93	40.88
-86.93	40.88
-86.93	40.88
-86.93	40.88
-86.93	40.88
-96.5	31.5
-96.5	31.5
-96.5	31.5
-96.5	31.5
-96.5	31.5
-95.9	41.3
-95.9	41.3
-95.9	41.3
-95.9	41.3
-95.9	41.3
-96.27	41.33
-96.27	41.33
-96.27	41.33
-96.27	41.33
-96.27	41.33
73.717	-53.1
73.717	-53.1
73.717	-53.1
73	-53
73	-53
158.9	-54.5
158.9	-54.5
158.9	-54.5
158.933	-54.483
158.933	-54.483
34.85	-19.83
34.85	-19.83
39.27	-6.83
39.27	-6.83
39.27	-6.83
39.27	-6.83
39.27	-6.83
35.38	-23.86
35.38	-23.86
35.38	-23.86
39.67	-4.05
39.67	-4.05
39.67	-4.05
39.67	-4.05
39.67	-4.05
33.87	-1.3
33.87	-1.3
34.03	-1.15
34.03	-1.15
34.03	-1.15
34.03	-1.15
34.03	-1.15
34.03	-1.15
34.03	-1.15
34	-1.13
34	-1.13
34	-1.13
34	-1.13
34	-1.13
33.02	-2.05
33.02	-2.05
33.02	-2.05
33.02	-2.05
33.02	-2.05
9.28	45.47
9.28	45.47
9.28	45.47
9.28	45.47
9.28	45.47
32.6	-25.97
32.6	-25.97
40.67	-14.95
40.67	-14.95
32.6	-25.97
32.6	-25.97
40.5	-12.97
40.5	-12.97
35.38	-23.87
35.38	-23.87
36.87	-17.87
36.87	-17.87
33.67	-16.07
33.67	-16.07
35.27	-13.27
35.27	-13.27
40.67	-15.018
40.67	-15.018
34.85	-19.83
34.85	-19.83
-82.43	23.1
-82.43	23.1
-66.17	-17.38
-66.17	-17.38
-66.17	-17.38
-66.17	-17.38
-65.37	-10.82
-65.37	-10.82
-65.37	-10.82
-65.37	-10.82
-68.15	-16.5
-68.15	-16.5
-68.15	-16.5
-68.15	-16.5
-67.53	-14.45
-67.53	-14.45
-67.53	-14.45
-67.53	-14.45
-63.2	-17.78
-63.2	-17.78
-63.2	-17.78
-63.2	-17.78
-64.9	-14.83
-64.9	-14.83
-64.9	-14.83
-64.9	-14.83
-63.68	-22.03
-63.68	-22.03
-63.68	-22.03
-63.68	-22.03
166.3	-77.65
166.3	-77.65
3.05	36.77
3.05	36.77
5.53	22.78
5.53	22.78
-77.88	39.07
-77.88	39.07
-77.88	39.07
-77.88	39.07
-77.88	39.07
-77.88	39.07
-77.88	39.07
-77.88	39.07
-77.88	39.07
-77.88	39.07
-77.88	39.07
-77.88	39.07
-77.88	39.07
-77.88	39.07
-98.23	44.38
-98.23	44.38
-98.23	44.38
-98.23	44.38
-98.23	44.38
-98.23	44.38
-86.28	39.72
-86.28	39.72
-86.28	39.72
-86.28	39.72
-86.28	39.72
-77.88	39.07
-77.88	39.07
-95.9	41.3
-95.9	41.3
-95.9	41.3
-95.9	41.3
-95.9	41.3
-95.9	41.3
118.78	32.05
118.78	32.05
118.78	32.05
118.78	32.05
118.78	32.05
118.78	32.05
118.78	32.05
116.47	39.9
116.47	39.9
116.47	39.9
116.47	39.9
116.47	39.9
116.47	39.9
116.47	39.9
108.93	34.25
108.93	34.25
78.03	27.17
78.03	27.17
92.88	20.13
92.88	20.13
50.63	26.27
50.63	26.27
58.55	23.6
58.55	23.6
77.6	12.97
77.6	12.97
88.18	22.18
88.18	22.18
62.32	25.13
62.32	25.13
66.98	24.72
66.98	24.72
74.4	31.52
74.4	31.52
80.25	13.07
80.25	13.07
58.58	23.62
58.58	23.62
71.58	34.02
71.58	34.02
92.72	11.67
92.72	11.67
73.85	18.53
73.85	18.53
67.02	30.17
67.02	30.17
77.18	31.08
77.18	31.08
-69.55	61.08
-69.55	61.08
-90.7	63.5
-90.7	63.5
-115.08	67.82
-115.08	67.82
-113.33	54.62
-113.33	54.62
-49	-22.47
-49	-22.47
-49	-22.47
-49	-22.47
-0.45	38.37
-0.45	38.37
-0.45	38.37
-0.45	38.37
-27.23	38.65
-27.23	38.65
-27.23	38.65
-27.23	38.65
-171.77	-13.8
-171.77	-13.8
-171.77	-13.8
-171.77	-13.8
10.77	59.67
10.77	59.67
10.77	59.67
10.77	59.67
2.17	41.37
2.17	41.37
2.17	41.37
2.17	41.37
5.15	48.78
5.15	48.78
5.15	48.78
-1.12	51.62
-1.12	51.62
-1.12	51.62
5.32	60.4
5.32	60.4
5.32	60.4
5.32	60.4
-95.82	36.03
-95.82	36.03
-95.82	36.03
-95.82	36.03
-95.82	36.03
-95.82	36.03
-95.82	36.03
-114.03	51.03
-114.03	51.03
-41.33	-21.75
-41.33	-21.75
-41.33	-21.75
-41.33	-21.75
8.17	43.95
8.17	43.95
8.17	43.95
8.17	43.95
8.43	38.95
8.43	38.95
8.43	38.95
8.43	38.95
8.95	44.4
8.95	44.4
8.95	44.4
8.95	44.4
79.93	6.93
79.93	6.93
79.93	6.93
79.93	6.93
-49.28	-25.42
-49.28	-25.42
-49.28	-25.42
-49.28	-25.42
-56.1	-15.6
-56.1	-15.6
-56.1	-15.6
-56.1	-15.6
80.97	6.82
80.97	6.82
80.97	6.82
80.97	6.82
-96.27	41.33
-96.27	41.33
-96.27	41.33
-96.27	41.33
-96.27	41.33
-96.27	41.33
-96.27	41.33
-82.37	34.35
-82.37	34.35
-82.37	34.35
-82.37	34.35
-82.37	34.35
-82.37	34.35
-82.37	34.35
-98.57	45.98
-98.57	45.98
-98.57	45.98
-98.57	45.98
-98.57	45.98
-98.57	45.98
-98.57	45.98
-48.5	-27.6
-48.5	-27.6
-48.5	-27.6
-48.5	-27.6
-47.4	-20.53
-47.4	-20.53
-47.4	-20.53
-47.4	-20.53
-3.62	37.2
-3.62	37.2
-3.62	37.2
-3.62	37.2
-96.47	31.5
-96.47	31.5
-96.47	31.5
-96.47	31.5
-96.47	31.5
-96.47	31.5
-96.47	31.5
114.2	22.2
114.2	22.2
114.2	22.2
114.2	22.2
13.95	40.72
13.95	40.72
13.95	40.72
13.95	40.72
-8.4	43.35
-8.4	43.35
-8.4	43.35
-8.4	43.35
30.27	59.93
30.27	59.93
10.33	43.53
10.33	43.53
10.33	43.53
10.33	43.53
9.45	41.23
9.45	41.23
9.45	41.23
9.45	41.23
-3.72	40.4
-3.72	40.4
-3.72	40.4
-3.72	40.4
-3.72	40.4
-3.72	40.4
145.33	-37.8
145.33	-37.8
145.33	-37.8
145.33	-37.8
-43.72	-22.53
-43.72	-22.53
-43.72	-22.53
-43.72	-22.53
11.58	48.13
11.58	48.13
11.58	48.13
9.15	45.18
9.15	45.18
9.15	45.18
-25.67	37.73
-25.67	37.73
-25.67	37.73
-25.67	37.73
28.2	-25.75
28.2	-25.75
28.2	-25.75
28.2	-25.75
-43.17	-22.9
-43.17	-22.9
-43.17	-22.9
-43.17	-22.9
-86.48	40.88
-86.48	40.88
-86.48	40.88
-86.48	40.88
-86.48	40.88
-86.48	40.88
-86.48	40.88
-46.32	-23.93
-46.32	-23.93
-46.32	-23.93
-46.32	-23.93
-6	37.38
-6	37.38
-6	37.38
-6	37.38
30.48	59.68
30.48	59.68
30.48	59.68
30.48	59.68
30.48	59.68
30.48	59.68
30.48	59.68
30.48	59.68
30.48	59.68
30.48	59.68
30.48	59.68
-97.88	22.12
-97.88	22.12
-97.88	22.12
-97.88	22.12
-79.4	43.67
-79.4	43.67
0.5	40.82
0.5	40.82
0.5	40.82
0.5	40.82
1.98	48.78
1.98	48.78
9.8	44.1
9.8	44.1
9.8	44.1
9.8	44.1
-96.13	19.2
-96.13	19.2
-96.13	19.2
-96.13	19.2
150.5	-16.5
150.5	-16.5
150.5	-16.5
150.5	-16.5
-80.78	43.13
-80.78	43.13
-0.85	41.67
-0.85	41.67
-0.85	41.67
-0.85	41.67
31.03	29.88
31.03	29.88
32.55	15.58
32.55	15.58
25.17	31.57
25.17	31.57
31.4	30.12
31.4	30.12
27.22	31.35
27.22	31.35
32.27	30.58
32.27	30.58
29.8	31.11
29.8	31.11
30.1	31.3
30.1	31.3
33.32	19.53
33.32	19.53
33.83	31.07
33.83	31.07
29.02	25.5
29.02	25.5
22.45	13.45
22.45	13.45
29.88	31.2
29.88	31.2
25.32	13.62
25.32	13.62
31.37	30.08
31.37	30.08
31.3	29.75
31.3	29.75
30.23	13.15
30.23	13.15
28.93	28.37
28.93	28.37
32.9	24.08
32.9	24.08
32.9	24.08
32.9	24.08
32.9	24.08
32.9	24.08
31.12	27.2
31.12	27.2
33.98	17.7
33.98	17.7
32.3	31.25
32.3	31.25
37.22	19.62
37.22	19.62
30.53	25.45
30.53	25.45
27.97	27.05
27.97	27.05
31.4	30.12
31.4	30.12
31.4	30.12
31.4	30.12
31.4	30.12
31.4	30.12
31.4	30.12
-999	-999
-999	-999
33.8	27.25
33.8	27.25
31.6	4.87
31.6	4.87
36.33	15.38
36.33	15.38
32.55	15.6
32.55	15.6
32.55	15.6
32.55	15.6
31.83	18.53
31.83	18.53
32.7	25.67
32.7	25.67
31.65	9.55
31.65	9.55
27.22	31.35
27.22	31.35
27.22	31.35
27.22	31.35
25.52	29.2
25.52	29.2
25.93	31.62
25.93	31.62
31.32	21.8
31.32	21.8
-15	47
-15	47
-15	47
-15	47
-15	47
-171.77	-13.82
-171.77	-13.82
-171.77	-13.82
-171.77	-13.82
12.08	54.08
12.08	54.08
12.08	54.08
12.08	54.08
12.08	54.08
12.08	54.08
12.08	54.08
12.08	54.08
2.98	51.25
2.98	51.25
2.98	51.25
2.98	51.25
2.98	51.25
2.98	51.25
2.98	51.25
2.98	51.25
2.98	51.25
2.98	51.25
3.2	51.18
3.2	51.18
3.2	51.18
3.2	51.18
3.2	51.18
10.62	51.8
10.62	51.8
10.62	51.8
24.92	60.2
24.92	60.2
24.92	60.2
24.92	60.2
24.92	60.2
13.4	52.47
13.4	52.47
11.7	48.13
2.35	48.85
2.35	48.85
30.32	59.93
7.753	48.562
7.753	48.562
21.02	52.23
9.98	53.61
9.98	53.61
9.98	53.61
9.98	53.61
9.98	53.61
20.78	60.25
20.78	60.25
20.78	60.25
20.78	60.25
20.78	60.25
57.6	59.16
-18.37	76.75
-18.37	76.75
-18.37	76.75
-18.37	76.75
-18.37	76.75
-18.37	76.75
-18.37	76.75
-18.37	76.75
-18.37	76.75
-18.37	76.75
31.03	29.88
31.03	29.88
31.03	29.88
13.23	-8.85
13.23	-8.85
4.77	52.23
4.77	52.23
5.28	52.13
5.28	52.13
5.28	52.13
5.28	52.13
5.28	52.13
4.35	52.17
4.35	52.17
4.35	52.17
4.35	52.17
4.35	52.17
4.78	52.92
4.78	52.92
4.78	52.92
4.78	52.92
4.78	52.92
4.78	52.92
4.78	52.92
5.28	52.13
5.28	52.13
5.28	52.13
5.28	52.13
5.28	52.13
4.43	52.22
4.43	52.22
4.43	52.22
-21.93	67.13
-21.93	67.13
-21.93	67.13
-21.93	67.13
-21.93	67.13
-21.93	67.13
-21.93	67.13
-21.93	67.13
5.28	52.13
5.28	52.13
5.28	52.13
5.28	52.13
5.28	52.13
-37.57	65.6
-37.57	65.6
4.77	52.23
4.77	52.23
4.77	52.23
4.32	52.12
4.32	52.12
4.32	52.12
4.32	52.12
4.32	52.12
4.32	52.12
4.32	52.12
5.28	52.13
5.28	52.13
5.28	52.13
4.43	52.22
4.43	52.22
1.83	50.13
1.83	50.13
1.83	50.13
1.83	50.13
-2.1	57.17
-2.1	57.17
-2.1	57.17
-2.1	57.17
30.1	31.3
30.1	31.3
30.1	31.3
30.1	31.3
32.15	30.08
32.15	30.08
32.15	30.08
32.15	30.08
138.58	-34.93
138.58	-34.93
138.58	-34.93
138.58	-34.93
78.08	27.17
78.08	27.17
78.08	27.17
78.08	27.17
78.08	27.17
78.08	27.17
78.08	27.17
78.08	27.17
8.75	41.92
8.75	41.92
8.75	41.92
8.75	41.92
92.95	20.12
92.95	20.12
92.95	20.12
92.95	20.12
73.2	39.7
73.2	39.7
73.2	39.7
73.2	39.7
-6.22	54.65
-6.22	54.65
-6.22	54.65
-6.22	54.65
-55.78	-29.78
-55.78	-29.78
-55.78	-29.78
-55.78	-29.78
33.38	69.2
33.38	69.2
33.38	69.2
33.38	69.2
3.05	36.77
3.05	36.77
3.05	36.77
3.05	36.77
-0.5	38.35
-0.5	38.35
-0.5	38.35
-0.5	38.35
76.88	43.77
76.88	43.77
76.88	43.77
76.88	43.77
-2.5	36.85
-2.5	36.85
-2.5	36.85
-2.5	36.85
35.95	31.95
35.95	31.95
35.95	31.95
35.95	31.95
-77.02	38.87
-77.02	38.87
-77.02	38.87
-77.02	38.87
-77	38.87
-77	38.87
-77	38.87
-77	38.87
-0.57	47.48
-0.57	47.48
-0.57	47.48
-0.57	47.48
0.22	45.67
0.22	45.67
0.22	45.67
0.22	45.67
-27.23	38.65
-27.23	38.65
-27.23	38.65
-27.23	38.65
-171.78	-13.3
-171.78	-13.3
-171.78	-13.3
-171.78	-13.3
-0.02	48.75
-0.02	48.75
-0.02	48.75
-0.02	48.75
40.52	64.57
40.52	64.57
40.52	64.57
40.52	64.57
10.77	59.67
10.77	59.67
10.77	59.67
10.77	59.67
15.2	37.23
15.2	37.23
15.2	37.23
15.2	37.23
2.65	47.03
2.65	47.03
2.65	47.03
2.65	47.03
-7	38.9
-7	38.9
-7	38.9
-7	38.9
49.8	40.35
49.8	40.35
49.8	40.35
49.8	40.35
77.62	12.97
77.62	12.97
77.62	12.97
77.62	12.97
20.07	32.07
20.07	32.07
20.07	32.07
20.07	32.07
19.17	44.5
19.17	44.5
19.17	44.5
19.17	44.5
2.98	41.38
2.98	41.38
2.98	41.38
2.98	41.38
5.15	48.78
5.15	48.78
5.15	48.78
5.15	48.78
5.15	48.78
5.15	48.78
5.15	48.78
5.15	48.78
106.83	-6.07
106.83	-6.07
106.83	-6.07
106.83	-6.07
41.63	41.65
41.63	41.65
41.63	41.65
41.63	41.65
6.87	47.63
6.87	47.63
6.87	47.63
6.87	47.63
20.45	44.8
20.45	44.8
20.45	44.8
20.45	44.8
36.8	46.63
36.8	46.63
36.8	46.63
36.8	46.63
5.32	60.4
5.32	60.4
5.32	60.4
5.32	60.4
13.43	52.48
13.43	52.48
13.43	52.48
13.43	52.48
0.05	51.32
0.05	51.32
0.05	51.32
0.05	51.32
30.12	49.68
30.12	49.68
30.12	49.68
30.12	49.68
0.67	52.87
0.67	52.87
0.67	52.87
0.67	52.87
19.28	74.47
19.28	74.47
19.28	74.47
19.28	74.47
23.2	42.77
23.2	42.77
23.2	42.77
23.2	42.77
11.3	44.5
11.3	44.5
11.3	44.5
11.3	44.5
34.05	57.85
34.05	57.85
34.05	57.85
34.05	57.85
-0.7	44.83
-0.7	44.83
-0.7	44.83
-0.7	44.83
10.93	45.33
10.93	45.33
10.93	45.33
10.93	45.33
8.78	53.83
8.78	53.83
8.78	53.83
8.78	53.83
23.67	52.1
23.67	52.1
23.67	52.1
23.67	52.1
17.97	40.65
17.97	40.65
17.97	40.65
17.97	40.65
-95.82	36.03
-95.82	36.03
-95.82	36.03
-95.82	36.03
-95.82	36.03
-95.82	36.03
-95.82	36.03
-95.82	36.03
26.1	44.42
26.1	44.42
26.1	44.42
26.1	44.42
19.2	47.5
19.2	47.5
19.2	47.5
19.2	47.5
-58.42	-34.6
-58.42	-34.6
-58.42	-34.6
-58.42	-34.6
-114.07	51.03
-114.07	51.03
-114.07	51.03
-114.07	51.03
13.18	46.03
13.18	46.03
13.18	46.03
13.18	46.03
-41.33	-21.77
-41.33	-21.77
-41.33	-21.77
-41.33	-21.77
9.35	43.02
9.35	43.02
9.35	43.02
9.35	43.02
8.2	43.08
8.2	43.08
8.2	43.08
8.2	43.08
8.43	38.95
8.43	38.95
8.43	38.95
8.43	38.95
14.28	40.88
14.28	40.88
14.28	40.88
14.28	40.88
14.25	41.08
14.25	41.08
14.25	41.08
14.25	41.08
8.95	44.4
8.95	44.4
8.95	44.4
8.95	44.4
15.08	37.07
15.08	37.07
15.08	37.07
15.08	37.07
-4.13	50.37
-4.13	50.37
-4.13	50.37
-4.13	50.37
-1.13	44.53
-1.13	44.53
-1.13	44.53
-1.13	44.53
-1.13	44.53
-1.13	44.53
-1.13	44.53
-1.13	44.53
12.55	41.87
12.55	41.87
12.55	41.87
12.55	41.87
12.08	42
12.08	42
12.08	42
12.08	42
1.5	48.45
1.5	48.45
1.5	48.45
1.5	48.45
1.68	46.8
1.68	46.8
1.68	46.8
1.68	46.8
12.4	50.08
12.4	50.08
12.4	50.08
12.4	50.08
-1.65	49.63
-1.65	49.63
-1.65	49.63
-1.65	49.63
12.6	41.68
12.6	41.68
12.6	41.68
12.6	41.68
9.22	45.53
9.22	45.53
9.22	45.53
9.22	45.53
-8.42	40.2
-8.42	40.2
-8.42	40.2
-8.42	40.2
79.97	6.9
79.97	6.9
79.97	6.9
79.97	6.9
-92.33	38.95
-92.33	38.95
-92.33	38.95
-92.33	38.95
2.92	49.38
2.92	49.38
2.92	49.38
2.92	49.38
6.13	43.25
6.13	43.25
6.13	43.25
6.13	43.25
-56.1	-15.6
-56.1	-15.6
-56.1	-15.6
-56.1	-15.6
-49.28	-25.42
-49.28	-25.42
-49.28	-25.42
-49.28	-25.42
8.65	49.87
8.65	49.87
8.65	49.87
8.65	49.87
8.65	49.87
8.65	49.87
8.65	49.87
8.65	49.87
-90.63	41.5
-90.63	41.5
-90.63	41.5
-90.63	41.5
18.6	42.43
18.6	42.43
18.6	42.43
18.6	42.43
-105	39.75
-105	39.75
-105	39.75
-105	39.75
12.2	51.8
12.2	51.8
12.2	51.8
12.2	51.8
88.4	22.18
88.4	22.18
88.4	22.18
88.4	22.18
80.97	6.8
80.97	6.8
80.97	6.8
80.97	6.8
35.07	48.45
35.07	48.45
35.07	48.45
35.07	48.45
13.77	51.08
13.77	51.08
13.77	51.08
13.77	51.08
29.22	55.87
29.22	55.87
29.22	55.87
29.22	55.87
-96.27	41.35
-96.27	41.35
-96.27	41.35
-96.27	41.35
-96.27	41.35
-96.27	41.35
-96.27	41.35
-96.27	41.35
-82.37	34.35
-82.37	34.35
-82.37	34.35
-82.37	34.35
-82.37	34.35
-82.37	34.35
-82.37	34.35
-82.37	34.35
19.42	54.17
19.42	54.17
19.42	54.17
19.42	54.17
-98.57	45.98
-98.57	45.98
-98.57	45.98
-98.57	45.98
-98.57	45.98
-98.57	45.98
-98.57	45.98
-98.57	45.98
6.47	48.18
6.47	48.18
6.47	48.18
6.47	48.18
-3.2	55.32
-3.2	55.32
-3.2	55.32
-3.2	55.32
6.93	51.4
6.93	51.4
6.93	51.4
6.93	51.4
33.27	45.15
33.27	45.15
33.27	45.15
33.27	45.15
-0.75	51.28
-0.75	51.28
-0.75	51.28
-0.75	51.28
1.33	51.95
1.33	51.95
1.33	51.95
1.33	51.95
35.38	45.03
35.38	45.03
35.38	45.03
35.38	45.03
-2.8	56.17
-2.8	56.17
-2.8	56.17
-2.8	56.17
-48.5	-27.6
-48.5	-27.6
-48.5	-27.6
-48.5	-27.6
-97.25	32.72
-97.25	32.72
-97.25	32.72
-97.25	32.72
10.98	49.5
10.98	49.5
10.98	49.5
10.98	49.5
10.22	33.88
10.22	33.88
10.22	33.88
10.22	33.88
12.07	50.9
12.07	50.9
12.07	50.9
12.07	50.9
10.28	45.43
10.28	45.43
10.28	45.43
10.28	45.43
-5.65	43.55
-5.65	43.55
-5.65	43.55
-5.65	43.55
18.6	42.43
18.6	42.43
18.6	42.43
18.6	42.43
18.67	50.27
18.67	50.27
18.67	50.27
18.67	50.27
-81.73	43.73
-81.73	43.73
-81.73	43.73
-81.73	43.73
30.98	52.43
30.98	52.43
30.98	52.43
30.98	52.43
11.8	57.7
11.8	57.7
11.8	57.7
11.8	57.7
51.92	47.12
51.92	47.12
51.92	47.12
51.92	47.12
-3.6	37.15
-3.6	37.15
-3.6	37.15
-3.6	37.15
-96.47	31.5
-96.47	31.5
-96.47	31.5
-96.47	31.5
-96.47	31.5
-96.47	31.5
-96.47	31.5
-96.47	31.5
17.5	40.5
17.5	40.5
17.5	40.5
17.5	40.5
9.45	41.23
9.45	41.23
9.45	41.23
9.45	41.23
-109.68	48.55
-109.68	48.55
-109.68	48.55
-109.68	48.55
12	51.5
12	51.5
12	51.5
12	51.5
-76.3	36.93
-76.3	36.93
-76.3	36.93
-76.3	36.93
31.37	30.08
31.37	30.08
31.37	30.08
31.37	30.08
11.92	50.33
11.92	50.33
11.92	50.33
11.92	50.33
114.17	22.3
114.17	22.3
114.17	22.3
114.17	22.3
114.17	22.3
114.17	22.3
114.17	22.3
114.17	22.3
130.42	33.58
130.42	33.58
130.42	33.58
130.42	33.58
-2.05	43.32
-2.05	43.32
-2.05	43.32
-2.05	43.32
24.15	71.07
24.15	71.07
24.15	71.07
24.15	71.07
104.33	52.28
104.33	52.28
104.33	52.28
104.33	52.28
141.32	38.43
141.32	38.43
141.32	38.43
141.32	38.43
13.95	40.72
13.95	40.72
13.95	40.72
13.95	40.72
-16.48	28.32
-16.48	28.32
-16.48	28.32
-16.48	28.32
34.18	44.5
34.18	44.5
34.18	44.5
34.18	44.5
-8.3	70.98
-8.3	70.98
-8.3	70.98
-8.3	70.98
28.67	50.25
28.67	50.25
28.67	50.25
28.67	50.25
60.77	69.8
60.77	69.8
60.77	69.8
60.77	69.8
18.45	43.5
18.45	43.5
18.45	43.5
18.45	43.5
26.57	48.67
26.57	48.67
26.57	48.67
26.57	48.67
67.07	24.83
67.07	24.83
67.07	24.83
67.07	24.83
73.52	39.1
73.52	39.1
73.52	39.1
73.52	39.1
8.43	49
8.43	49
8.43	49
8.43	49
140.22	36.03
140.22	36.03
140.22	36.03
140.22	36.03
49.13	55.78
49.13	55.78
49.13	55.78
49.13	55.78
14.52	50.13
14.52	50.13
14.52	50.13
14.52	50.13
-0.32	51.47
-0.32	51.47
-0.32	51.47
-0.32	51.47
36.23	50
36.23	50
36.23	50
36.23	50
10.33	54.38
10.33	54.38
10.33	54.38
10.33	54.38
65.45	44.85
65.45	44.85
65.45	44.85
65.45	44.85
42.7	43.9
42.7	43.9
42.7	43.9
42.7	43.9
14.33	46.65
14.33	46.65
14.33	46.65
14.33	46.65
71.43	33.6
71.43	33.6
71.43	33.6
71.43	33.6
6.88	50.98
6.88	50.98
6.88	50.98
6.88	50.98
20.88	42.88
20.88	42.88
20.88	42.88
20.88	42.88
40.95	57.72
40.95	57.72
40.95	57.72
40.95	57.72
114.2	22.2
114.2	22.2
114.2	22.2
114.2	22.2
29.78	59.98
29.78	59.98
29.78	59.98
29.78	59.98
18.6	42.43
18.6	42.43
18.6	42.43
18.6	42.43
36.2	51.75
36.2	51.75
36.2	51.75
36.2	51.75
62.35	35.28
62.35	35.28
62.35	35.28
62.35	35.28
37.97	55.75
37.97	55.75
37.97	55.75
37.97	55.75
30.5	50.45
30.5	50.45
30.5	50.45
30.5	50.45
-8.38	43.38
-8.38	43.38
-8.38	43.38
-8.38	43.38
2.25	45.7
2.25	45.7
2.25	45.7
2.25	45.7
-82.43	23.15
-82.43	23.15
-82.43	23.15
-82.43	23.15
74.35	31.57
74.35	31.57
74.35	31.57
74.35	31.57
-74.32	40.03
-74.32	40.03
-74.32	40.03
-74.32	40.03
2.43	48.95
2.43	48.95
2.43	48.95
2.43	48.95
0.07	49.52
0.07	49.52
0.07	49.52
0.07	49.52
3.88	45.05
3.88	45.05
3.88	45.05
3.88	45.05
12.4	51.4
12.4	51.4
12.4	51.4
12.4	51.4
12.4	51.4
12.4	51.4
12.4	51.4
12.4	51.4
26.88	37.12
26.88	37.12
26.88	37.12
26.88	37.12
-2.88	56.38
-2.88	56.38
-2.88	56.38
-2.88	56.38
25.3	53.88
25.3	53.88
25.3	53.88
25.3	53.88
30.5	63.32
30.5	63.32
30.5	63.32
30.5	63.32
1.25	45.85
1.25	45.85
1.25	45.85
1.25	45.85
13.22	56.08
13.22	56.08
13.22	56.08
13.22	56.08
8.72	45.58
8.72	45.58
8.72	45.58
8.72	45.58
-118.25	34.05
-118.25	34.05
-118.25	34.05
-118.25	34.05
29.88	58.73
29.88	58.73
29.88	58.73
29.88	58.73
39.33	48.58
39.33	48.58
39.33	48.58
39.33	48.58
24	49.8
24	49.8
24	49.8
24	49.8
1.02	51.08
1.02	51.08
1.02	51.08
1.02	51.08
4.92	45.73
4.92	45.73
4.92	45.73
4.92	45.73
-35.7	-9.65
-35.7	-9.65
-35.7	-9.65
-35.7	-9.65
9.45	41.23
9.45	41.23
9.45	41.23
9.45	41.23
-3.68	40.4
-3.68	40.4
-3.68	40.4
-3.68	40.4
4.38	39.88
4.38	39.88
4.38	39.88
4.38	39.88
13.03	55.62
13.03	55.62
13.03	55.62
13.03	55.62
15.52	58.4
15.52	58.4
15.52	58.4
15.52	58.4
15.52	58.42
15.52	58.42
15.52	58.42
15.52	58.42
14.52	35.9
14.52	35.9
14.52	35.9
14.52	35.9
14.52	35.9
14.52	35.9
14.52	35.9
14.52	35.9
0.35	51.35
0.35	51.35
0.35	51.35
0.35	51.35
5.2	43.43
5.2	43.43
5.2	43.43
5.2	43.43
12.42	37.72
12.42	37.72
12.42	37.72
12.42	37.72
56.4	73.27
56.4	73.27
56.4	73.27
56.4	73.27
34.45	62.88
34.45	62.88
34.45	62.88
34.45	62.88
144.97	-37.82
144.97	-37.82
144.97	-37.82
144.97	-37.82
-2.97	35.28
-2.97	35.28
-2.97	35.28
-2.97	35.28
-43.72	-22.53
-43.72	-22.53
-43.72	-22.53
-43.72	-22.53
15.55	38.2
15.55	38.2
15.55	38.2
15.55	38.2
6.2	49.1
6.2	49.1
6.2	49.1
6.2	49.1
14.88	50.23
14.88	50.23
14.88	50.23
14.88	50.23
27.55	53.9
27.55	53.9
27.55	53.9
27.55	53.9
7.63	45.17
7.63	45.17
7.63	45.17
7.63	45.17
10.92	44.65
10.92	44.65
10.92	44.65
10.92	44.65
12.78	41.93
12.78	41.93
12.78	41.93
12.78	41.93
4.72	44.58
4.72	44.58
4.72	44.58
4.72	44.58
-86.3	32.38
-86.3	32.38
-86.3	32.38
-86.3	32.38
37.97	55.75
37.97	55.75
37.97	55.75
37.97	55.75
17.87	43.3
17.87	43.3
17.87	43.3
17.87	43.3
4.35	49.12
4.35	49.12
4.35	49.12
4.35	49.12
7.43	47.73
7.43	47.73
7.43	47.73
7.43	47.73
11.58	48.13
11.58	48.13
11.58	48.13
11.58	48.13
58.58	23.62
58.58	23.62
58.58	23.62
58.58	23.62
36.8	-1.67
36.8	-1.67
36.8	-1.67
36.8	-1.67
15.58	49.62
15.58	49.62
15.58	49.62
15.58	49.62
-74	40.72
-74	40.72
-74	40.72
-74	40.72
44	56.33
44	56.33
44	56.33
44	56.33
21.87	43.32
21.87	43.32
21.87	43.32
21.87	43.32
18.83	48.32
18.83	48.32
18.83	48.32
18.83	48.32
19.7	45.08
19.7	45.08
19.7	45.08
19.7	45.08
30.77	46.43
30.77	46.43
30.77	46.43
30.77	46.43
139.63	35.3
139.63	35.3
139.63	35.3
139.63	35.3
-97.55	35.43
-97.55	35.43
-97.55	35.43
-97.55	35.43
-34.85	-8.02
-34.85	-8.02
-34.85	-8.02
-34.85	-8.02
-38.52	-13
-38.52	-13
-38.52	-13
-38.52	-13
135.43	34.65
135.43	34.65
135.43	34.65
135.43	34.65
11.23	42.43
11.23	42.43
11.23	42.43
11.23	42.43
55.1	51.75
55.1	51.75
55.1	51.75
55.1	51.75
1.891	47.941
1.891	47.941
1.891	47.941
1.891	47.941
134.48	7.33
134.48	7.33
134.48	7.33
134.48	7.33
13.35	38.12
13.35	38.12
13.35	38.12
13.35	38.12
16.05	39.35
16.05	39.35
16.05	39.35
16.05	39.35
-0.4	43.37
-0.4	43.37
-0.4	43.37
-0.4	43.37
9.17	45.18
9.17	45.18
9.17	45.18
9.17	45.18
9.17	45.18
9.17	45.18
9.17	45.18
9.17	45.18
30.4	59.68
30.4	59.68
30.4	59.68
30.4	59.68
30.4	59.68
30.4	59.68
30.4	59.68
30.4	59.68
2.87	42.73
2.87	42.73
2.87	42.73
2.87	42.73
71.62	34.03
71.62	34.03
71.62	34.03
71.62	34.03
71.62	34.03
71.62	34.03
71.62	34.03
71.62	34.03
29.73	57.8
29.73	57.8
29.73	57.8
29.73	57.8
30.68	61.67
30.68	61.67
30.68	61.67
30.68	61.67
19.87	45.25
19.87	45.25
19.87	45.25
19.87	45.25
47.5	42.98
47.5	42.98
47.5	42.98
47.5	42.98
17.82	48.6
17.82	48.6
17.82	48.6
17.82	48.6
12.13	50.5
12.13	50.5
12.13	50.5
12.13	50.5
0.3	46.75
0.3	46.75
0.3	46.75
0.3	46.75
10.62	43.48
10.62	43.48
10.62	43.48
10.62	43.48
-39	-16.43
-39	-16.43
-39	-16.43
-39	-16.43
-1.1	50.8
-1.1	50.8
-1.1	50.8
-1.1	50.8
17.13	49.47
17.13	49.47
17.13	49.47
17.13	49.47
13.83	44.87
13.83	44.87
13.83	44.87
13.83	44.87
-1.8	52.52
-1.8	52.52
-1.8	52.52
-1.8	52.52
73.92	18.52
73.92	18.52
73.92	18.52
73.92	18.52
67	30.2
67	30.2
67	30.2
67	30.2
67	30.2
67	30.2
67	30.2
67	30.2
18.35	43.87
18.35	43.87
18.35	43.87
18.35	43.87
34.88	31.88
34.88	31.88
34.88	31.88
34.88	31.88
-1.72	48.12
-1.72	48.12
-1.72	48.12
-1.72	48.12
24.08	56.98
24.08	56.98
24.08	56.98
24.08	56.98
-43.17	-22.9
-43.17	-22.9
-43.17	-22.9
-43.17	-22.9
71.98	34.07
71.98	34.07
71.98	34.07
71.98	34.07
-0.98	45.92
-0.98	45.92
-0.98	45.92
-0.98	45.92
3.75	48.5
3.75	48.5
3.75	48.5
3.75	48.5
12.07	67.5
12.07	67.5
12.07	67.5
12.07	67.5
12.08	54.08
12.08	54.08
12.08	54.08
12.08	54.08
39.68	47.2
39.68	47.2
39.68	47.2
39.68	47.2
-104.45	33.4
-104.45	33.4
-104.45	33.4
-104.45	33.4
-86.48	40.88
-86.48	40.88
-86.48	40.88
-86.48	40.88
-86.48	40.88
-86.48	40.88
-86.48	40.88
-86.48	40.88
-86.48	40.88
-86.48	40.88
-86.48	40.88
-86.48	40.88
-49	-22.47
-49	-22.47
-49	-22.47
-49	-22.47
7.02	49.22
7.02	49.22
7.02	49.22
7.02	49.22
7.02	49.22
7.02	49.22
7.02	49.22
7.02	49.22
-98.47	29.45
-98.47	29.45
-98.47	29.45
-98.47	29.45
-117.2	32.72
-117.2	32.72
-117.2	32.72
-117.2	32.72
-6.2	36.47
-6.2	36.47
-6.2	36.47
-6.2	36.47
-122.43	37.78
-122.43	37.78
-122.43	37.78
-122.43	37.78
-122.43	37.8
-122.43	37.8
-122.43	37.8
-122.43	37.8
10.38	43.68
10.38	43.68
10.38	43.68
10.38	43.68
-66.12	18.42
-66.12	18.42
-66.12	18.42
-66.12	18.42
-3.78	43.47
-3.78	43.47
-3.78	43.47
-3.78	43.47
-46.32	-23.93
-46.32	-23.93
-46.32	-23.93
-46.32	-23.93
46	51.57
46	51.57
46	51.57
46	51.57
129.73	33.13
129.73	33.13
129.73	33.13
129.73	33.13
12.22	51.42
12.22	51.42
12.22	51.42
12.22	51.42
-3	53.23
-3	53.23
-3	53.23
-3	53.23
80.22	50.4
80.22	50.4
80.22	50.4
80.22	50.4
8.62	45.73
8.62	45.73
8.62	45.73
8.62	45.73
29.97	60.83
29.97	60.83
29.97	60.83
29.97	60.83
5.55	36.33
5.55	36.33
5.55	36.33
5.55	36.33
-6	37.38
-6	37.38
-6	37.38
-6	37.38
77.22	31.1
77.22	31.1
77.22	31.1
77.22	31.1
0.78	51.53
0.78	51.53
0.78	51.53
0.78	51.53
14	57.18
14	57.18
14	57.18
14	57.18
14	57.18
14	57.18
14	57.18
14	57.18
12	59.98
12	59.98
12	59.98
12	59.98
21.43	41.95
21.43	41.95
21.43	41.95
21.43	41.95
30.4	59.68
30.4	59.68
30.4	59.68
30.4	59.68
30.4	59.68
30.4	59.68
30.4	59.68
30.4	59.68
30.4	59.68
30.4	59.68
30.4	59.68
30.4	59.68
32.07	54.78
32.07	54.78
32.07	54.78
32.07	54.78
2.2	48.78
2.2	48.78
2.2	48.78
2.2	48.78
1.73	50.87
1.73	50.87
1.73	50.87
1.73	50.87
7.75	48.58
7.75	48.58
7.75	48.58
7.75	48.58
60.63	56.83
60.63	56.83
60.63	56.83
60.63	56.83
60.63	56.83
60.63	56.83
60.63	56.83
60.63	56.83
151.5	-34
151.5	-34
151.5	-34
151.5	-34
20.15	46.25
20.15	46.25
20.15	46.25
20.15	46.25
20.15	46.25
20.15	46.25
20.15	46.25
20.15	46.25
16.6	47.25
16.6	47.25
16.6	47.25
16.6	47.25
26.72	58.73
26.72	58.73
26.72	58.73
26.72	58.73
26.72	58.38
26.72	58.38
26.72	58.38
26.72	58.38
69.3	41.33
69.3	41.33
69.3	41.33
69.3	41.33
140.13	36.05
140.13	36.05
140.13	36.05
140.13	36.05
140.13	36.05
140.13	36.05
140.13	36.05
140.13	36.05
-16.5	28.32
-16.5	28.32
-16.5	28.32
-16.5	28.32
9.5	40.92
9.5	40.92
9.5	40.92
9.5	40.92
44.3	41.72
44.3	41.72
44.3	41.72
44.3	41.72
31.3	50.62
31.3	50.62
31.3	50.62
31.3	50.62
139.47	35.8
139.47	35.8
139.47	35.8
139.47	35.8
139.77	35.68
139.77	35.68
139.77	35.68
139.77	35.68
0.5	40.82
0.5	40.82
0.5	40.82
0.5	40.82
18.62	53.02
18.62	53.02
18.62	53.02
18.62	53.02
5.88	43.12
5.88	43.12
5.88	43.12
5.88	43.12
2	48.77
2	48.77
2	48.77
2	48.77
2	48.77
2	48.77
2	48.77
2	48.77
10.42	63.43
10.42	63.43
10.42	63.43
10.42	63.43
61.55	58.38
61.55	58.38
61.55	58.38
61.55	58.38
17.47	49.83
17.47	49.83
17.47	49.83
17.47	49.83
17.65	49.02
17.65	49.02
17.65	49.02
17.65	49.02
-1.25	51.93
-1.25	51.93
-1.25	51.93
-1.25	51.93
106.98	47.92
106.98	47.92
106.98	47.92
106.98	47.92
50.85	61.67
50.85	61.67
50.85	61.67
50.85	61.67
16.4	49.97
16.4	49.97
16.4	49.97
16.4	49.97
22.27	48.63
22.27	48.63
22.27	48.63
22.27	48.63
57.48	-20.28
57.48	-20.28
57.48	-20.28
57.48	-20.28
17.2	48.2
17.2	48.2
17.2	48.2
17.2	48.2
3.53	50.33
3.53	50.33
3.53	50.33
3.53	50.33
-0.73	41.63
-0.73	41.63
-0.73	41.63
-0.73	41.63
31.13	70.37
31.13	70.37
31.13	70.37
31.13	70.37
9.83	44.1
9.83	44.1
9.83	44.1
9.83	44.1
21.52	44.75
21.52	44.75
21.52	44.75
21.52	44.75
49.67	58.6
49.67	58.6
49.67	58.6
49.67	58.6
12.18	42.1
12.18	42.1
12.18	42.1
12.18	42.1
12.45	41.9
12.45	41.9
12.45	41.9
12.45	41.9
28.73	60.72
28.73	60.72
28.73	60.72
28.73	60.72
2.2	48.8
2.2	48.8
2.2	48.8
2.2	48.8
-40.3	-20.17
-40.3	-20.17
-40.3	-20.17
-40.3	-20.17
16.37	48.25
16.37	48.25
16.37	48.25
16.37	48.25
16.37	48.25
16.37	48.25
16.37	48.25
16.37	48.25
16.52	48.22
16.52	48.22
16.52	48.22
16.52	48.22
149.97	-16.3
149.97	-16.3
149.97	-16.3
149.97	-16.3
25.25	54.68
25.25	54.68
25.25	54.68
25.25	54.68
39.83	59.25
39.83	59.25
39.83	59.25
39.83	59.25
-1.32	51.12
-1.32	51.12
-1.32	51.12
-1.32	51.12
-1.32	51.12
-1.32	51.12
-1.32	51.12
-1.32	51.12
129.68	62.02
129.68	62.02
129.68	62.02
129.68	62.02
15.97	45.8
15.97	45.8
15.97	45.8
15.97	45.8
15.32	44.12
15.32	44.12
15.32	44.12
15.32	44.12
-0.88	41.65
-0.88	41.65
-0.88	41.65
-0.88	41.65
20.63	44.88
20.63	44.88
20.63	44.88
20.63	44.88
32.28	48.52
32.28	48.52
32.28	48.52
32.28	48.52
8.55	47.38
8.55	47.38
8.55	47.38
8.55	47.38
101.28	42.07
101.28	42.07
101.28	42.07
107.75	41.9
107.75	41.9
107.75	41.9
13.33	52.57
13.33	52.57
13.33	52.57
13.33	52.57
13.33	52.57
13.33	52.57
13.33	52.57
13.33	52.57
2	48.78
2	48.78
13.33	52.57
13.33	52.57
13.33	52.57
13.33	52.57
13.33	52.57
13.33	52.57
13.33	52.57
-50.37	69.78
-50.37	69.78
-53.67	66.93
-53.67	66.93
-51.1	69.22
-51.1	69.22
-53.55	69.23
-53.55	69.23
-53.67	66.93
-53.67	66.93
-53.55	69.23
-53.55	69.23
-23.1	66.3
-23.1	66.3
-23.1	66.3
-23.1	66.3
-18	65.7
-18	65.7
-18	65.7
-18	65.7
-21.9	64.1
-21.9	64.1
-21.9	64.1
-21.9	64.1
77.95	27.15
77.95	27.15
72.63	23.07
72.63	23.07
81.73	25.43
81.73	25.43
50.63	26.27
50.63	26.27
77.67	12.95
77.67	12.95
69.67	23.28
69.67	23.28
92.82	9.15
92.82	9.15
91.82	22.25
91.82	22.25
80.25	13.07
80.25	13.07
79.85	6.93
79.85	6.93
64.4	28.87
64.4	28.87
98.2	14.1
98.2	14.1
90.4	23.7
90.4	23.7
89.99	26.02
89.99	26.02
95.25	27.56
95.25	27.56
84.95	24.75
84.95	24.75
78.17	26.23
78.17	26.23
78.47	17.45
78.47	17.45
80.05	23.18
80.05	23.18
68.45	28.28
68.45	28.28
86.17	22.81
86.17	22.81
61.75	25.05
61.75	25.05
73.05	26.25
73.05	26.25
73.88	25.05
73.88	25.05
67.12	24.88
67.12	24.88
98.55	9.98
98.55	9.98
88.45	22.65
88.45	22.65
74.4	31.62
74.4	31.62
74.53	20.57
74.53	20.57
73.05	8.28
73.05	8.28
96.08	21.97
96.08	21.97
74.88	12.98
74.88	12.98
79.92	8.98
79.92	8.98
71.42	30.23
71.42	30.23
72.87	19.08
72.87	19.08
98.6	12.43
98.6	12.43
77.2	28.63
77.2	28.63
71.52	34
71.52	34
92.73	11.65
92.73	11.65
73.92	18.58
73.92	18.58
83.98	21.47
83.98	21.47
55.37	25.25
55.37	25.25
92.87	20.13
92.87	20.13
92.82	26.67
92.82	26.67
94.37	18.47
94.37	18.47
76.92	8.48
76.92	8.48
78.7	10.77
78.7	10.77
73.63	15.85
73.63	15.85
70.35	20.92
70.35	20.92
83.22	17.72
83.22	17.72
96.13	16.9
96.13	16.9
69.47	31.35
69.47	31.35
16.37	48.2
16.37	48.2
11.03	59.97
11.03	59.97
11.03	59.97
16.37	48.2
16.37	48.2
16.37	48.2
16.37	48.2
-76.8	17.98
-76.8	17.98
24.15	41.15
24.15	41.15
22.45	41.35
22.45	41.35
21.57	41.35
21.57	41.35
106.83	-6.18
106.83	-6.18
106.83	-6.18
106.83	-6.18
106.83	-6.18
106.83	-6.18
106.83	-6.18
106.83	-6.18
106.83	-6.37
106.83	-6.37
106.83	-6.37
106.83	-6.37
106.83	-6.37
106.87	-6.33
106.87	-6.33
106.87	-6.33
106.87	-6.33
106.87	-6.33
18.8	68.26
-163.93	-78.57
-163.93	-78.57
-163.93	-78.57
-163.93	-78.57
-163.93	-78.57
-163.93	-78.57
7.42	10.48
7.42	10.48
7.42	10.48
7.42	10.48
-171.77	-13.82
-171.77	-13.82
-171.77	-13.82
-171.77	-13.82
24.92	60.2
24.92	60.2
24.92	60.2
24.92	60.2
24.92	60.2
24.92	60.2
24.92	60.2
24.92	60.2
24.92	60.2
24.92	60.2
24.92	60.2
24.92	60.2
24.92	60.2
27.73	64.22
27.73	64.22
23.08	63.12
23.08	63.12
23.08	63.12
23.08	63.12
23.08	63.12
23.08	63.12
23.08	63.12
23.08	63.12
27.42	66.72
27.42	66.72
27.42	66.72
23	63.77
23	63.77
22.62	61.18
22.62	61.18
22.62	61.18
30.5	63.32
30.5	63.32
31.22	69.53
31.22	69.53
25.07	60.15
25.07	60.15
25.07	60.15
25.07	60.15
25.07	60.15
26.65	67.37
26.65	67.37
30.68	61.72
30.68	61.72
30.68	61.72
30.68	61.72
30.68	61.72
28.63	60.57
28.63	60.57
28.63	60.57
28.63	60.57
28.63	60.57
23.77	61.5
23.77	61.5
23.77	61.5
28.62	60.65
28.62	60.65
28.62	60.65
28.62	60.65
28.62	60.65
21.37	59.78
21.37	59.78
26.97	60.88
26.97	60.88
26.97	60.88
26.97	60.88
26.97	60.88
26.97	60.88
26.97	60.88
26.97	60.88
28.73	60.72
28.73	60.72
28.73	60.72
28.73	60.72
28.73	60.72
-163.8	-78.5
-163.8	-78.5
-163.8	-78.5
-163.8	-78.5
-163.8	-78.5
-163.8	-78.5
-61.02	14.63
89.37	24.83
89.37	24.83
50.83	28.92
50.83	28.92
91.82	22.25
91.82	22.25
69.78	25.52
69.78	25.52
91.97	21.45
91.97	21.45
64.4	28.87
64.4	28.87
90.4	23.7
90.4	23.7
71.8	35.55
71.8	35.55
69.47	31.35
69.47	31.35
68.45	28.28
68.45	28.28
73.72	32.93
73.72	32.93
61.75	25.05
61.75	25.05
67.12	24.88
67.12	24.88
70.63	28.65
70.63	28.65
74.4	31.62
74.4	31.62
71.42	30.23
71.42	30.23
71.52	34
71.52	34
66.93	30.25
66.93	30.25
55.4	25.35
55.4	25.35
91.87	24.9
91.87	24.9
70.35	20.92
70.35	20.92
-18.07	65.65
-18.07	65.65
9.67	46.78
9.67	46.78
9.52	47.67
9.52	47.67
45	33.33
47	30.5
-52.48	66.93
-52.48	66.93
-52.48	66.93
-52.48	66.93
-52.48	66.93
-52.48	66.93
-52.48	66.93
-52.48	66.93
-50.92	66.85
-50.92	66.85
-49.37	66.87
-49.37	66.87
14.37	4.45
14.37	4.45
13.37	9.33
13.37	9.33
10.75	5.63
10.75	5.63
11.52	3.83
11.52	3.83
14.17	59.72
14.17	59.72
14.17	59.72
18.83	68.35
18.83	68.35
8.763	41.924
8.763	41.924
8.67	53.82
8.67	53.82
8.67	53.82
8.67	53.82
2.3	49.9
2.3	49.9
13.52	43.63
13.52	43.63
-1.48	51.22
-1.48	51.22
-1.48	43.5
-1.48	43.5
9.87	37.28
9.87	37.28
9.87	37.28
9.87	37.28
7.1	50.73
7.1	50.73
-7.62	33.58
-7.62	33.58
-999	-999
-999	-999
-0.1	51.37
-0.1	51.37
12.25	51.83
12.25	51.83
6.48	50.4
6.48	50.4
6.78	51.23
6.78	51.23
0.23	52.02
0.23	52.02
0.23	52.02
0.23	52.02
12.37	50.08
12.37	50.08
6.45	48.17
6.45	48.17
6.45	48.17
6.45	48.17
6.45	48.17
1.35	51.97
1.35	51.97
11.25	43.78
11.25	43.78
8.67	50.02
8.67	50.02
10.98	49.48
10.98	49.48
10.98	49.48
10.98	49.48
8.9	44.4
8.9	44.4
9.7	52.47
9.7	52.47
9.7	52.47
9.7	52.47
9.7	52.47
-4.63	53.32
-4.63	53.32
8.4	49
8.4	49
8.12	49.2
8.12	49.2
0.08	49.511
0.08	49.511
12.37	51.33
12.37	51.33
10.3	43.55
10.3	43.55
1.03	51.08
1.03	51.08
4.94	45.73
4.94	45.73
9.4	41.22
9.4	41.22
-3.57	40.47
-3.57	40.47
8.27	50
8.27	50
-4.42	36.72
-4.42	36.72
15.52	58.42
15.52	58.42
6.18	49.11
6.18	49.11
9.28	45.47
9.28	45.47
4.733	44.581
4.733	44.581
11.7	48.13
11.7	48.13
11.7	48.13
11.7	48.13
11.7	48.13
14.25	40.83
14.25	40.83
14.3	63.12
14.3	63.12
11.85	45.4
11.85	45.4
2.9	42.7
2.9	42.7
-4.13	50.37
-4.13	50.37
12.77	41.87
12.77	41.87
12.07	54.18
12.07	54.18
12.07	54.18
12.07	54.18
12.07	54.18
12.07	54.18
-3	53.23
-3	53.23
13.13	52.52
13.13	52.52
17.23	40.47
17.23	40.47
6.17	49.35
6.17	49.35
7.63	45.02
7.63	45.02
0.68	47.4
0.68	47.4
19.02	69.7
19.02	69.7
3.52	50.35
3.52	50.35
6.08	50.78
6.08	50.78
6.08	50.78
6.08	50.78
6.08	50.78
1.83	50.1
1.83	50.1
-6.23	54.66
-6.23	54.66
-6.23	54.66
-6.23	54.66
-2.47	36.83
-2.47	36.83
-999	-999
-999	-999
-0.57	47.48
-0.57	47.48
0.15	45.65
0.15	45.65
2.17	41.38
2.17	41.38
4.83	47.03
4.83	47.03
13.4	52.47
13.4	52.47
13.4	52.47
13.4	52.47
13.4	52.47
13.4	52.47
5.73	34.85
5.73	34.85
-0.58	44.83
-0.58	44.83
6.68	53.58
6.68	53.58
6.68	53.58
6.68	53.58
6.68	53.58
6.68	53.58
17.1	48.15
17.1	48.15
8.8	53.05
8.8	53.05
-4.48	48.38
-4.48	48.38
4.5	50.9
4.5	50.9
4.5	50.9
4.5	50.9
4.5	50.9
4.35	50.85
4.35	50.85
19.18	47.43
19.18	47.43
1.87	50.95
1.87	50.95
-1.32	50.82
-1.32	50.82
-1.32	50.82
-1.32	50.82
1.68	46.82
1.68	46.82
1.68	46.82
1.68	46.82
1.68	46.82
-1.63	49.63
-1.63	49.63
3.08	45.78
3.08	45.78
3.08	45.78
3.08	45.78
-4.78	37.88
-4.78	37.88
-0.47	53.03
-0.47	53.03
8.65	49.87
8.65	49.87
8.65	49.87
8.65	49.87
8.65	49.87
5.18	52.12
5.18	52.12
5.18	52.12
5.18	52.12
5.18	52.12
6.17	49.35
6.17	49.35
7.47	51.52
7.47	51.52
13.68	51.12
13.68	51.12
20.37	47.9
20.37	47.9
11.02	50.97
11.02	50.97
7.02	51.45
7.02	51.45
7.02	51.45
7.02	51.45
7.02	51.45
-0.75	51.3
-0.75	51.3
-0.75	51.3
-0.75	51.3
-0.75	51.3
9.48	47.65
9.48	47.65
9.48	47.65
9.48	47.65
9.48	47.65
9.48	47.65
9.48	47.65
9.48	47.65
9.48	47.65
9.48	47.65
9.48	47.65
6.83	28.15
6.83	28.15
10.1	33.9
10.1	33.9
18.65	54.35
18.65	54.35
18.67	50.3
18.67	50.3
11.78	57.72
11.78	57.72
-3.6	37.18
-3.6	37.18
18.75	53.5
18.75	53.5
15.43	47.07
15.43	47.07
11.97	51.48
11.97	51.48
9.98	53.62
9.98	53.62
9.98	53.62
9.98	53.62
9.98	53.62
9.98	53.62
11.92	50.32
11.92	50.32
11.4	47.27
11.4	47.27
-999	-999
-999	-999
-999	-999
10.1	35.68
10.1	35.68
20.5	54.7
20.5	54.7
20.5	54.7
20.5	54.7
20.5	54.7
15.58	56.17
15.58	56.17
10.13	54.32
10.13	54.32
10.13	54.32
10.13	54.32
10.13	54.32
14.32	46.63
14.32	46.63
7.17	50.87
7.17	50.87
21.25	48.72
21.25	48.72
19.95	50.07
19.95	50.07
19.95	50.07
19.95	50.07
19.95	50.07
2.88	33.8
2.88	33.8
-2.88	56.38
-2.88	56.38
15.62	58.42
15.62	58.42
15.62	58.42
15.62	58.42
15.62	58.42
14.28	48.3
14.28	48.3
13.22	56.07
13.22	56.07
22.57	51.25
22.57	51.25
24.03	49.83
24.03	49.83
24.03	49.83
24.03	49.83
24.03	49.83
1.03	51.08
1.03	51.08
11.62	52.13
11.62	52.13
13	55.6
13	55.6
14.51	35.9
14.51	35.9
14.51	35.9
14.51	35.9
14.51	35.9
8.52	49.47
8.52	49.47
5.22	43.42
5.22	43.42
5.37	43.3
5.37	43.3
-2.93	35.3
-2.93	35.3
4.75	44.55
4.75	44.55
6.18	48.68
6.18	48.68
7.15	53.71
7.15	53.71
7.07	52.43
7.07	52.43
17.25	49.6
17.25	49.6
55.1	55.1
55.1	55.1
1.92	47.9
1.92	47.9
2.33	48.85
2.33	48.85
2.33	48.85
2.33	48.85
2.33	48.85
12.13	50.5
12.13	50.5
16.92	52.4
16.92	52.4
16.92	52.4
16.92	52.4
16.92	52.4
14.28	50.1
14.28	50.1
-6.83	34.02
-6.83	34.02
4.03	49.25
4.03	49.25
4.03	49.25
4.03	49.25
-4.38	55.88
-4.38	55.88
-1.68	48.12
-1.68	48.12
-21.9	61.13
-21.9	61.13
-21.9	61.13
18.13	68.43
18.13	68.43
-0.98	45.92
-0.98	45.92
13.05	47.82
13.05	47.82
12.22	51.4
12.22	51.4
-3	53.23
-3	53.23
20.28	54.75
20.28	54.75
20.28	54.75
20.28	54.75
20.28	54.75
5.42	36.18
5.42	36.18
-6	37.38
-6	37.38
-3.12	47.52
-3.12	47.52
6.78	43.42
6.78	43.42
17.95	59.35
17.95	59.35
7.75	48.58
7.75	48.58
9.22	48.68
9.22	48.68
14.23	53.92
14.23	53.92
14.55	53.43
14.55	53.43
9.4	54.67
9.4	54.67
9.4	54.67
9.4	54.67
9.4	54.67
9.4	54.67
-999	-999
-999	-999
10.23	36.83
10.23	36.83
-1.25	51.93
-1.25	51.93
-1.25	51.93
-0.35	39.45
-0.35	39.45
-10.35	51.92
-10.35	51.92
-4.73	41.65
-4.73	41.65
25.28	54.68
25.28	54.68
3.57	51.45
3.57	51.45
21.02	52.23
21.02	52.23
21.02	52.23
21.02	52.23
21.02	52.23
16.37	48.25
16.37	48.25
8.12	53.52
8.12	53.52
17.03	51.12
17.03	51.12
-0.88	41.65
-0.88	41.65
105.67	77.53
105.67	77.53
105.67	77.53
105.67	77.53
105.67	77.53
105.67	77.53
-171.63	66.88
-171.63	66.88
162.42	70.72
162.42	70.72
162.42	70.72
162.42	70.72
32.15	30.08
32.15	30.08
32.15	30.08
32.15	30.08
34.4	11.8
34.4	11.8
34.4	11.8
34.4	11.8
32.9	24.08
32.9	24.08
32.9	24.08
32.9	24.08
37.38	11.58
37.38	11.58
37.38	11.58
37.38	11.58
31.37	30.08
31.37	30.08
31.37	30.08
31.37	30.08
32.55	15.6
32.55	15.6
32.55	15.6
32.55	15.6
31.77	5.18
31.77	5.18
31.77	5.18
31.77	5.18
31.32	21.8
31.32	21.8
31.32	21.8
31.32	21.8
44.98	12.78
44.98	12.78
78.03	27.17
78.03	27.17
78.03	27.17
78.03	27.17
78.03	27.17
72.63	23.03
72.63	23.03
74.73	26.45
74.73	26.45
92.88	20.13
92.88	20.13
88.4	22.53
88.4	22.53
81.82	25.42
81.82	25.42
81.82	25.42
81.82	25.42
81.82	25.42
76.77	30.35
76.77	30.35
50.58	26
50.58	26
58.55	23.6
58.55	23.6
77.6	12.97
77.6	12.97
78.45	17.43
78.45	17.43
76.95	15.15
76.95	15.15
91.82	22.25
91.82	22.25
72.82	18.9
72.82	18.9
90.05	23.62
90.05	23.62
88.3	27.05
88.3	27.05
70.93	31.85
70.93	31.85
88.18	22.18
88.18	22.18
62.32	25.13
62.32	25.13
78.47	17.45
78.47	17.45
78.47	17.45
79.98	23.17
79.98	23.17
68.48	28.28
68.48	28.28
73.05	26.27
73.05	26.27
73.05	26.27
73.05	26.27
73.05	26.27
66.98	24.72
66.98	24.72
66.98	24.72
66.98	24.72
66.98	24.72
71.44	33.57
71.44	33.57
71.44	33.57
74.4	31.52
74.4	31.52
80.25	13.07
80.25	13.07
80.25	13.07
80.25	13.07
80.25	13.07
74.62	20.53
74.62	20.53
96.13	21.98
96.13	21.98
74.88	12.98
74.88	12.98
77.22	28.6
77.22	28.6
85.17	25.62
85.17	25.62
71.58	34.02
71.58	34.02
71.58	34.02
71.58	34.02
71.58	34.02
92.72	11.67
92.72	11.67
73.85	18.53
73.85	18.53
73.85	18.53
87.52	25.77
87.52	25.77
67.02	30.17
67.02	30.17
67.02	30.17
67.02	30.17
67.02	30.17
85.38	23.38
85.38	23.38
89.3	25.75
89.3	25.75
96.22	16.78
96.22	16.78
71.98	34.08
71.98	34.08
71.98	34.08
84.02	21.47
84.02	21.47
94.37	18.47
94.37	18.47
55.4	25.35
55.4	25.35
77.18	31.08
77.18	31.08
75.93	17.67
75.93	17.67
75.93	17.67
92.85	24.83
92.85	24.83
68.92	27.7
68.92	27.7
98.22	14.08
98.22	14.08
92.88	26.62
92.88	26.62
77	8.52
77	8.52
98.55	10.02
98.55	10.02
83.35	17.68
83.35	17.68
-40.7	70.9
-40.7	70.9
-40.7	70.9
-40.7	70.9
-40.7	70.9
-40.7	70.9
-40.7	70.9
-24.4	71.17
-24.4	71.17
-24.4	71.17
-24.4	71.17
-24.4	71.17
-24.4	71.17
-24.4	71.17
-24.4	71.17
-24.4	71.17
-24.4	71.17
-24.4	71.17
-24.4	71.17
-51.13	71.18
-51.13	71.18
13.38	52.48
13.38	52.48
13.38	52.48
11.43	47.27
11.43	47.27
12.08	54.08
12.08	54.08
12.08	54.08
-15.5	11.87
-15.5	11.87
20.83	-7.37
20.83	-7.37
32.57	-25.92
32.57	-25.92
32.57	-25.92
32.57	-25.92
32.57	-25.92
13.23	-8.85
13.23	-8.85
40.67	-15.03
40.67	-15.03
40.67	-15.03
40.67	-15.03
40.67	-15.03
40.67	-15.03
40.67	-15.03
73.85	18.53
73.85	18.53
12.15	-15.2
12.15	-15.2
12.15	-15.2
12.15	-15.2
12.15	-15.2
-0.283	27.883
-0.283	27.883
-0.283	27.883
-0.283	27.883
-6	32.767
-6	32.767
-6	32.767
-6	32.767
-6	32.767
-6	32.767
3.25	36.717
3.25	36.717
3.25	36.717
3.25	36.717
3.25	36.717
3.25	36.717
3.25	36.717
3.25	36.717
3.1	36.73
3.1	36.73
3.25	36.717
3.25	36.717
3.25	36.717
3.25	36.717
3.25	36.717
3.25	36.717
3.25	36.717
3.25	36.717
3.25	36.717
3.25	36.717
3.25	36.717
3.05	36.77
3.05	36.77
3.05	36.77
3.05	36.77
3.05	36.77
3.05	36.77
3.05	36.77
3.05	36.77
1.083	26.967
1.083	26.967
1.083	26.967
1.083	26.967
-2.167	30.133
-2.167	30.133
-2.167	30.133
-2.167	30.133
-2.167	30.133
-2.167	30.133
5.733	34.8
5.733	34.8
5.733	34.8
5.733	34.8
5.733	34.8
5.733	34.8
5.733	34.8
5.733	34.8
2.852	36.5
2.852	36.5
2.852	36.5
2.852	36.5
2.852	36.5
2.852	36.5
2.72	35.92
2.72	35.92
2.72	35.92
2.72	35.92
2.72	35.92
2.72	35.92
7.817	36.833
7.817	36.833
7.817	36.833
7.817	36.833
7.817	36.833
7.817	36.833
7.817	36.833
7.817	36.833
7.817	36.833
7.817	36.833
7.817	36.833
7.817	36.833
2.88	36.55
2.88	36.55
2.88	36.55
2.88	36.55
-2.233	31.617
-2.233	31.617
-2.233	31.617
-2.233	31.617
-2.233	31.617
-2.233	31.617
-2.233	31.617
-2.233	31.617
-2.233	31.617
-2.233	31.617
6.617	36.283
6.617	36.283
6.617	36.283
6.617	36.283
6.617	36.283
6.617	36.283
9.467	24.55
9.467	24.55
9.467	24.55
9.467	24.55
3.35	34.667
3.35	34.667
3.35	34.667
3.35	34.667
3.35	34.667
3.35	34.667
3.35	34.667
3.35	34.667
2.867	30.567
2.867	30.567
2.867	30.567
2.867	30.567
2.867	30.567
2.867	30.567
6.817	28.133
6.817	28.133
6.817	28.133
6.817	28.133
2.467	27.2
2.467	27.2
2.467	27.2
2.467	27.2
2.467	27.2
2.467	27.2
2.933	33.767
2.933	33.767
2.933	33.767
2.933	33.767
2.933	33.767
2.933	33.767
2.933	33.767
2.933	33.767
2.933	33.767
2.933	33.767
-0.433	34.933
-0.433	34.933
-0.433	34.933
-0.433	34.933
-6	35.633
-6	35.633
-6	35.633
-6	35.633
-6	35.633
-6	35.633
-6	35.633
-6	35.633
-6	35.633
-6	35.633
-6	35.633
-6	35.633
-6	35.633
-6	35.633
-6	35.633
-6	35.633
1.333	36.217
1.333	36.217
1.333	36.217
1.333	36.217
1.333	36.217
1.333	36.217
1.333	36.217
1.333	36.217
1.28	24.6
1.28	24.6
5.4	31.917
5.4	31.917
5.4	31.917
5.4	31.917
5.4	31.917
5.4	31.917
0.17	26.72
0.17	26.72
5.417	36.183
5.417	36.183
5.417	36.183
5.417	36.183
5.417	36.183
5.417	36.183
5.417	36.183
5.417	36.183
5.417	36.183
5.417	36.183
5.417	36.183
5.417	36.183
5.517	22.783
5.517	22.783
5.517	22.783
5.517	22.783
5.517	22.783
5.517	22.783
5.517	22.783
5.517	22.783
5.517	22.783
5.517	22.783
5.517	22.783
5.517	22.783
8.132	35.483
8.132	35.483
0.283	29.25
0.283	29.25
0.283	29.25
0.283	29.25
-8.132	27.667
-8.132	27.667
-8.132	27.667
-8.132	27.667
6.133	33.117
6.133	33.117
6.133	33.117
6.133	33.117
4.77	52.32
4.77	52.32
4.35	52.17
4.35	52.17
4.32	52.12
4.32	52.12
4.32	52.12
5.28	52.13
5.28	52.13
5.28	52.13
5.28	52.13
5.28	52.13
20.82	-7.37
20.82	-7.37
13.53	-12.37
13.53	-12.37
16.9	-9.83
16.9	-9.83
15.73	-12.77
15.73	-12.77
19.9	-11.78
19.9	-11.78
-999	-999
-999	-999
-999	-999
-999	-999
-66.83	-20.47
-66.83	-20.47
-66.83	-20.47
-66.83	-20.47
32.77	17.72
32.77	17.72
29.9	31.17
29.9	31.17
35.93	31.95
35.93	31.95
34.87	31.93
34.87	31.93
31.27	29.98
31.27	29.98
7.7	28
7.7	28
31.03	29.88
31.03	29.88
31.03	29.88
31.03	29.88
20.28	54.75
20.28	54.75
5.12	52.08
5.12	52.08
78.47	17.37
78.47	17.37
73.82	15.48
73.82	15.48
177.56	64.78
177.56	64.78
177.56	64.78
177.56	64.78
177.56	64.78
52.8	80.32
52.8	80.32
52.8	80.32
52.8	80.32
52.8	80.32
128.92	71.58
128.92	71.58
128.92	71.58
128.92	71.58
128.92	71.58
104.28	77.72
104.28	77.72
104.28	77.72
104.28	77.72
104.28	77.72
180.53	68.92
180.53	68.92
180.53	68.92
180.53	68.92
180.53	68.92
68.58	76.85
68.58	76.85
68.58	76.85
68.58	76.85
68.58	76.85
162.4	70.63
162.4	70.63
162.4	70.63
162.4	70.63
162.4	70.63
80.4	73.5
80.4	73.5
80.4	73.5
80.4	73.5
80.4	73.5
61.75	69.77
61.75	69.77
61.75	69.77
61.75	69.77
61.75	69.77
14.25	78.05
14.25	78.05
14.25	78.05
14.25	78.05
14.25	78.05
52.8	80.32
52.8	80.32
52.8	80.32
52.8	80.32
52.8	80.32
52.73	72.38
52.73	72.38
52.73	72.38
52.73	72.38
52.73	72.38
68.58	76.85
68.58	76.85
68.58	76.85
68.58	76.85
68.58	76.85
177.56	64.78
177.56	64.78
177.56	64.78
177.56	64.78
177.56	64.78
137.9	76
137.9	76
137.9	76
137.9	76
137.9	76
68.58	76.85
68.58	76.85
68.58	76.85
68.58	76.85
68.58	76.85
137.9	76
137.9	76
137.9	76
137.9	76
137.9	76
186.77	64.4
186.77	64.4
186.77	64.4
186.77	64.4
186.77	64.4
8.792	41.918
8.792	41.918
8.792	41.918
-0.691	44.831
-0.691	44.831
-0.691	44.831
-4.412	48.444
-4.412	48.444
-4.412	48.444
4.937	45.726
4.937	45.726
4.937	45.726
6.221	48.687
6.221	48.687
6.221	48.687
4.406	43.856
4.406	43.856
4.406	43.856
2.009	48.774
2.009	48.774
2.009	48.774
-52.365	4.822
140.001	-66.663
140.001	-66.663
140.001	-66.663
-149.614	-17.555
-149.614	-17.555
-149.614	-17.555
-61.516	16.624
-61.516	16.624
-61.516	16.624
55.528	-20.892
55.528	-20.892
55.431	-20.884
55.431	-20.884
-0.691	44.831
-0.691	44.831
-0.691	44.831
-0.691	44.831
-0.691	44.831
-0.691	44.831
-0.691	44.831
-0.691	44.831
-0.691	44.831
-0.691	44.831
4.937	45.726
4.937	45.726
4.937	45.726
4.937	45.726
4.937	45.726
4.937	45.726
4.937	45.726
4.937	45.726
4.937	45.726
4.937	45.726
4.937	45.726
4.937	45.726
4.937	45.726
4.937	45.726
4.937	45.726
2.009	48.774
2.009	48.774
2.009	48.774
2.009	48.774
2.009	48.774
-0.691	44.831
-0.691	44.831
-0.691	44.831
-0.691	44.831
-0.691	44.831
-0.691	44.831
-0.691	44.831
-0.691	44.831
-0.691	44.831
-0.691	44.831
-0.691	44.831
-0.691	44.831
-0.691	44.831
-0.691	44.831
-61.063	14.617
-61.063	14.617
-60.995	14.595
-60.995	14.595
-0.02	48.743
-0.02	48.743
6.855	47.64
6.855	47.64
6.855	47.64
6.855	47.64
2.825	49.411
2.825	49.411
2.427	48.867
2.427	48.867
2.427	48.867
2.427	48.867
4.733	44.581
4.733	44.581
4.733	44.581
4.733	44.581
4.733	44.581
4.733	44.581
4.733	44.581
4.733	44.581
7.209	43.648
7.209	43.648
1.746	47.36
1.746	47.36
1.746	47.36
1.746	47.36
1.74	50.875
1.74	50.875
2.11	49.46
2.11	49.46
2.12	49.44
2.12	49.44
1.378	43.621
1.378	43.621
55.487	-21.344
55.487	-21.344
-62.852	17.901
-62.852	17.901
-62.852	17.901
-62.852	17.901
-52.365	4.822
-52.365	4.822
-52.365	4.822
-52.365	4.822
-51.804	3.89
-51.804	3.89
-54.031	5.485
-54.031	5.485
-54.031	5.485
-54.031	5.485
6.125	43.246
6.125	43.246
0.203	45.633
0.203	45.633
0.216	45.666
0.216	45.666
0.203	45.633
0.203	45.633
77.569	-37.795
77.569	-37.795
77.569	-37.795
-3.68	40.4
-3.68	40.4
2.18	41.38
2.18	41.38
-8.38	43.37
-8.38	43.37
-16.51	28.3
-16.51	28.3
0.45	40.84
0.45	40.84
3.92	50.92
3.92	50.92
3.92	50.92
3.92	50.92
-80.75	43.13
-80.75	43.13
-80.75	43.13
-95.82	36.03
-95.82	36.03
91.82	22.25
91.82	22.25
91.82	22.25
91.82	22.25
-82.37	34.35
-82.37	34.35
-98.57	45.98
-98.57	45.98
-81.7	24.58
-81.7	24.58
-81.7	24.58
-81.7	24.58
3.1	36.67
3.1	36.67
10.72	53.82
10.72	53.82
2.92	47.42
2.92	47.42
0.72	51.45
0.72	51.45
2.65	47.03
2.65	47.03
-6.43	53.3
-6.43	53.3
-6.43	53.3
-6.43	53.3
-1.57	43.48
-1.57	43.48
5.28	52.13
5.28	52.13
5.28	52.13
5.28	52.13
5.088	47.267
5.088	47.267
19.42	54.17
19.42	54.17
4.78	52.92
4.78	52.92
4.78	52.92
4.78	52.92
4.78	52.92
4.78	52.92
4.78	52.92
9.98	53.62
9.98	53.62
9.98	53.62
-8.38	43.38
-8.38	43.38
-8.38	43.38
-8.38	43.38
3.05	50.63
3.05	50.63
1.27	45.8
1.27	45.8
-3.37	47.75
-3.37	47.75
15.52	58.42
15.52	58.42
15.55	38.2
15.55	38.2
3.88	43.62
3.88	43.62
7.43	47.73
7.43	47.73
18.83	48.32
18.83	48.32
-0.63	35.7
-0.63	35.7
0.3	46.75
0.3	46.75
4.2	48.73
4.2	48.73
5.88	43.12
5.88	43.12
6.63	49.75
6.63	49.75
15.32	44.12
15.32	44.12
2.17	41.38
2.17	41.38
20.07	32.07
20.07	32.07
26.1	44.42
26.1	44.42
21.63	47.53
21.63	47.53
12.07	50.9
12.07	50.9
19.17	44.5
19.17	44.5
12.77	46.8
12.77	46.8
20.88	42.88
20.88	42.88
11.08	49.45
11.08	49.45
19.88	45.23
19.88	45.23
18.6	53.02
18.6	53.02
21.43	42
21.43	42
21.52	44.75
21.52	44.75
31.37	30.08
31.37	30.08
31.37	30.08
31.37	30.08
-1.32	51.12
-1.32	51.12
-1.32	51.12
-1.32	51.12
-1.32	51.12
21.67	60.78
21.67	60.78
-16.9	32.65
-16.9	32.65
-16.9	32.65
-25.67	37.73
-25.67	37.73
-25.67	37.73
-16.9	32.65
-16.9	32.65
-55.2	5.85
-55.2	5.85
5.28	52.13
5.28	52.13
5.28	52.13
104.28	77.72
104.28	77.72
104.28	77.72
104.28	77.72
104.28	77.72
102.47	71.98
102.47	71.98
102.47	71.98
102.47	71.98
102.47	71.98
30.72	61.72
30.72	61.72
30.72	61.72
30.72	61.72
30.72	61.72
53.12	67.65
53.12	67.65
53.12	67.65
53.12	67.65
53.12	67.65
87.97	65.8
87.97	65.8
87.97	65.8
87.97	65.8
87.97	65.8
77.82	64.92
77.82	64.92
77.82	64.92
77.82	64.92
77.82	64.92
90	61.6
90	61.6
90	61.6
90	61.6
90	61.6
69.07	60.97
69.07	60.97
69.07	60.97
69.07	60.97
69.07	60.97
148.13	62.78
148.13	62.78
148.13	62.78
148.13	62.78
148.13	62.78
160.5	65.22
160.5	65.22
160.5	65.22
160.5	65.22
160.5	65.22
152.42	62.92
152.42	62.92
152.42	62.92
152.42	62.92
152.42	62.92
150.78	59.58
150.78	59.58
150.78	59.58
150.78	59.58
150.78	59.58
24.8	59.45
24.8	59.45
24.8	59.45
24.8	59.45
24.8	59.45
24.03	56.97
24.03	56.97
24.03	56.97
24.03	56.97
24.03	56.97
20.62	54.7
20.62	54.7
20.62	54.7
20.62	54.7
20.62	54.7
32.07	54.75
32.07	54.75
32.07	54.75
32.07	54.75
32.07	54.75
60.63	56.8
60.63	56.8
60.63	56.8
60.63	56.8
60.63	56.8
73.4	54.93
73.4	54.93
73.4	54.93
73.4	54.93
73.4	54.93
56.15	54.82
56.15	54.82
56.15	54.82
56.15	54.82
56.15	54.82
82.95	54.97
82.95	54.97
82.95	54.97
82.95	54.97
82.95	54.97
123.97	54
123.97	54
123.97	54
123.97	54
123.97	54
143.2	59.37
143.2	59.37
143.2	59.37
143.2	59.37
143.2	59.37
140.7	53.15
140.7	53.15
140.7	53.15
140.7	53.15
140.7	53.15
27.05	50.17
27.05	50.17
27.05	50.17
27.05	50.17
27.05	50.17
25.97	48.27
25.97	48.27
25.97	48.27
25.97	48.27
25.97	48.27
30.63	46.48
30.63	46.48
30.63	46.48
30.63	46.48
30.63	46.48
33.98	45.02
33.98	45.02
33.98	45.02
33.98	45.02
33.98	45.02
46.03	51.57
46.03	51.57
46.03	51.57
46.03	51.57
46.03	51.57
36.28	49.93
36.28	49.93
36.28	49.93
36.28	49.93
36.28	49.93
47.97	46.35
47.97	46.35
47.97	46.35
47.97	46.35
47.97	46.35
61.67	46.78
61.67	46.78
61.67	46.78
61.67	46.78
61.67	46.78
80.25	50.35
80.25	50.35
80.25	50.35
80.25	50.35
80.25	50.35
39.07	44.1
39.07	44.1
39.07	44.1
39.07	44.1
39.07	44.1
41.03	43.02
41.03	43.02
41.03	43.02
41.03	43.02
41.03	43.02
44.95	41.68
44.95	41.68
44.95	41.68
44.95	41.68
44.95	41.68
59.97	41.8
59.97	41.8
59.97	41.8
59.97	41.8
59.97	41.8
64.62	41.73
64.62	41.73
64.62	41.73
64.62	41.73
64.62	41.73
69.27	41.27
69.27	41.27
69.27	41.27
69.27	41.27
69.27	41.27
63.6	39.08
63.6	39.08
63.6	39.08
63.6	39.08
63.6	39.08
71.5	37.5
71.5	37.5
71.5	37.5
71.5	37.5
71.5	37.5
62.97	35.9
62.97	35.9
62.97	35.9
62.97	35.9
62.97	35.9
-61.063	14.617
-61.063	14.617
166.452	-22.276
166.452	-22.276
55.487	-21.344
55.487	-21.344
55.487	-21.344
55.487	-21.344
3.09	36.68
3.09	36.68
8.76	41.9
8.76	41.9
42.28	5.609
42.28	5.609
9.8	37.24
9.8	37.24
5.93	43.08
5.93	43.08
-1.633	49.65
-1.633	49.65
6.13	43.25
6.13	43.25
-3.358	47.689
-3.358	47.689
-4.38	48.45
-4.38	48.45
0.08	49.51
0.08	49.51
-3.35	47.72
-3.35	47.72
-0.98	45.92
-0.98	45.92
6.2	43.11
6.2	43.11
0.314	46.593
0.314	46.593
6.74	43.418
6.74	43.418
1.74	50.81
1.74	50.81
-1.5	43.51
-1.5	43.51
2.885	42.701
2.885	42.701
-4.44	48.279
-4.44	48.279
2.427	48.867
2.427	48.867
4.937	45.726
4.937	45.726
5.216	43.437
5.216	43.437
4.406	43.856
4.406	43.856
1.78	47.991
1.78	47.991
2.872	42.737
2.872	42.737
4.05	49.306
4.05	49.306
-0.98	45.55
-0.98	45.55
5.93	43.104
5.93	43.104
1.37	43.54
1.37	43.54
10.25	36.85
10.25	36.85
1.834	50.135
1.834	50.135
-0.98	45.92
-0.98	45.92
-0.98	45.92
-0.98	45.92
2.642	47.06
2.642	47.06
-0.583	47.5
-0.583	47.5
0.314	46.593
0.314	46.593
7.64	48.549
7.64	48.549
4.38	49.13
4.38	49.13
-167.08	-15.31
-167.08	-15.31
3.08	36.8
3.08	36.8
45.28	-12.78
45.28	-12.78
47.52	-18.92
47.52	-18.92
-0.691	44.831
-0.691	44.831
-0.691	44.831
-0.691	44.831
46.97	-25.02
46.97	-25.02
43.68	-23.35
4.922	45.523
4.922	45.523
